100
18 14 3 12 4 10 19 2 6 12 18 19 13 8 13 1 7 12 3 8 4 15 20 19 10 15 8 13 10 7 12 6 20 8 6 3 18 15 12 7
18 13 6 3 14 17 19 0 9 2 15 13 6 3 12 20 9 12 18 1 18 3 1 4 17 16 3 7 20 17 16 9 8 19 3 20 9 8 20 2
17 13 0 20 12 6 15 8 6 14 2 7 12 3 19 0 14 16 15 1 15 3 11 11 11 0 20 0 15 14 16 13 12 6 1 18 0 17 7 20
18 19 5 16 4 8 7 1 12 15 16 20 0 15 15 18 7 11 7 9 10 9 10 10 9 5 4 17 16 9 2 8 20 20 14 12 20 12 11 4
13 15 15 3 2 13 17 16 18 17 19 15 10 2 9 11 19 1 13 11 15 19 3 14 16 9 7 10 15 16 11 15 17 10 6 2 8 9 8 8
12 11 14 19 12 6 7 15 20 5 8 14 16 5 10 18 19 20 8 20 11 16 19 16 16 12 17 19 9 8 12 16 12 13 16 16 7 7 15 9
15 19 10 3 20 7 17 1 0 18 11 18 10 9 4 1 13 6 16 9 18 19 7 20 12 18 9 12 4 16 0 16 8 20 3 1 8 8 1 16
14 13 0 11 12 13 11 20 8 20 13 4 0 5 14 2 16 4 20 7 11 6 4 16 9 18 1 19 2 12 8 18 7 19 11 9 15 3 17 15
20 5 5 12 5 19 20 14 17 3 1 13 16 5 4 0 19 1 18 7 8 15 4 1 13 14 18 1 19 4 10 11 2 11 16 4 18 19 15 18
17 13 15 7 16 9 4 19 15 6 12 6 11 18 20 7 19 10 6 19 9 7 1 0 7 19 3 5 6 7 10 2 4 20 4 9 17 12 10 2
14 18 12 4 2 15 11 19 20 7 3 19 20 14 12 7 1 12 8 2 11 5 3 1 14 20 17 2 20 19 3 14 12 13 5 0 2 18 11 12
15 11 5 5 17 20 7 7 4 7 20 19 18 19 11 4 19 6 19 0 0 17 16 1 8 20 9 14 12 9 7 3 12 18 3 1 5 0 18 15
20 2 12 12 10 1 14 16 3 19 4 4 20 2 18 0 17 10 13 9 5 12 4 20 15 0 16 0 11 14 13 0 13 19 4 9 5 12 15 5
16 16 2 20 1 13 2 14 7 20 14 9 0 7 20 16 14 13 6 7 17 14 15 3 18 12 1 5 9 8 16 9 17 2 0 1 7 15 11 1
19 17 14 12 7 20 16 18 10 11 2 6 10 13 20 18 20 0 4 7 19 20 15 10 16 13 4 13 13 7 7 11 5 17 14 7 14 3 12 10
11 12 19 5 4 14 13 10 6 19 14 19 1 13 0 16 20 16 12 16 17 16 6 3 13 10 12 12 11 19 1 4 20 11 7 12 0 0 14 5
18 12 19 0 16 12 12 12 20 19 11 19 18 15 12 19 4 16 11 17 0 18 18 13 17 19 19 9 1 17 20 17 13 15 7 19 8 20 3 11
13 20 4 10 17 11 9 7 4 10 10 20 1 7 18 11 10 12 18 8 12 6 8 7 16 7 17 20 10 10 0 9 13 6 19 9 15 6 20 2
20 7 4 7 14 16 6 11 10 0 20 15 16 20 0 11 19 4 13 20 17 15 3 5 18 17 15 3 16 12 13 7 20 17 12 6 2 9 11 16
16 20 18 19 1 4 12 4 8 11 15 1 11 13 10 8 4 5 20 7 5 15 5 18 1 12 2 13 17 14 5 17 3 11 20 19 5 15 2 19
19 12 7 12 3 0 16 20 15 14 18 20 14 17 17 12 11 6 11 17 18 20 20 17 12 6 7 10 5 14 6 17 1 7 0 18 2 10 18 9
13 16 0 11 14 13 17 14 7 2 3 17 2 13 16 1 18 2 14 18 0 12 19 20 7 7 20 13 11 16 12 19 1 9 20 9 18 19 9 5
15 12 13 19 0 1 13 13 6 2 15 12 19 17 3 19 5 11 10 20 2 14 7 4 4 13 3 8 13 16 0 16 13 4 0 13 15 19 9 19
13 18 17 10 1 14 2 3 18 1 17 10 2 13 18 15 5 4 17 11 13 3 2 20 0 16 11 0 18 20 18 12 10 3 18 3 18 10 2 17
15 13 14 0 6 19 19 11 15 13 16 15 1 16 13 2 10 13 19 4 6 13 11 1 16 8 11 3 11 0 2 11 12 20 14 18 15 0 5 6
11 14 13 9 13 5 15 10 11 6 1 11 11 17 8 13 18 0 6 12 0 19 0 12 16 8 12 15 10 17 12 4 19 8 5 5 2 17 20 1
15 18 17 7 12 20 20 6 0 16 14 14 19 10 11 8 9 1 20 3 18 2 13 1 8 13 9 0 2 3 11 13 16 2 17 18 5 12 6 2
20 3 12 15 0 16 0 14 13 1 13 12 19 9 8 11 14 3 18 5 6 17 11 3 1 15 19 10 16 1 12 15 12 20 12 11 8 14 7 19
14 19 19 8 6 16 6 5 13 10 0 10 8 0 13 14 1 13 20 15 1 19 20 19 4 17 4 4 18 1 10 9 19 8 15 5 16 13 5 18
13 20 6 19 6 18 14 10 4 3 8 10 18 8 5 10 19 11 14 10 11 0 11 3 18 1 13 2 2 13 13 11 18 6 0 13 1 18 17 16
18 18 1 12 7 20 0 15 9 9 0 16 1 20 10 5 1 14 14 17 2 19 9 15 7 2 0 18 16 4 19 7 7 12 6 18 3 6 15 16
15 13 13 12 7 0 11 10 18 4 4 18 12 5 10 4 12 13 4 11 17 2 18 14 6 19 19 9 1 18 5 13 19 18 2 11 17 0 8 16
14 11 14 19 13 10 7 12 20 20 18 13 19 18 0 1 10 12 18 7 7 10 7 10 0 14 18 9 18 17 18 2 7 1 9 7 10 1 10 8
18 20 11 3 9 6 1 19 3 15 9 0 11 19 14 11 19 11 3 14 3 16 2 2 19 20 14 8 11 3 13 4 13 20 2 3 10 15 9 6
15 16 20 17 10 15 4 11 12 3 5 20 14 19 13 0 16 2 19 14 9 9 16 8 5 20 2 7 1 7 15 0 5 3 8 5 19 19 10 3
16 20 7 18 12 14 14 20 6 12 10 5 9 20 16 18 9 19 0 13 14 11 19 16 10 13 13 4 3 16 6 5 18 13 16 15 19 16 14 20
20 10 3 15 1 13 0 20 7 13 12 12 11 13 12 5 5 15 20 20 9 16 5 13 8 20 3 1 20 19 2 13 18 12 19 15 17 8 15 15
17 12 15 20 8 3 8 14 12 16 2 3 19 10 18 13 12 5 11 2 11 0 1 9 7 20 14 10 2 12 20 15 20 8 14 5 17 3 9 15
13 14 7 5 11 12 8 18 11 14 15 3 6 4 1 20 13 18 6 15 12 8 17 8 2 5 17 14 12 2 20 0 14 0 12 16 17 12 16 13
19 11 4 15 18 13 3 15 16 1 13 20 0 0 4 7 16 14 2 14 0 19 2 20 2 14 11 14 13 8 16 7 12 4 10 11 19 19 1 1
15 16 1 19 0 4 15 13 17 15 1 16 19 18 14 3 15 18 9 8 2 1 5 2 20 6 19 19 17 17 14 4 13 17 15 10 6 15 9 11
14 16 4 16 5 5 16 15 9 12 15 4 11 6 2 17 4 0 17 15 6 17 12 8 19 0 2 13 12 19 4 5 12 0 11 17 19 4 8 20
18 20 2 13 11 0 8 5 16 2 20 19 3 19 10 10 16 20 13 10 19 20 15 19 20 0 3 16 15 6 14 6 8 8 13 5 5 17 15 9
16 17 6 5 2 16 1 20 12 19 3 11 17 19 0 18 18 6 7 3 2 20 0 7 13 8 10 7 4 18 17 19 18 7 7 8 13 3 8 0
14 20 20 4 4 4 10 17 10 18 11 8 20 16 14 11 0 12 17 7 7 4 19 6 20 15 20 0 18 2 9 19 11 7 18 19 20 6 13 12
16 11 6 19 7 13 0 15 2 18 6 3 15 6 17 9 19 15 16 5 8 4 20 20 14 12 11 2 5 4 11 18 9 20 18 15 17 19 0 14
19 16 7 12 15 19 7 10 4 12 0 16 0 3 15 8 6 19 4 2 19 7 18 9 12 20 2 6 11 3 15 0 14 16 14 16 11 18 1 0
15 15 4 20 10 12 11 13 18 11 1 1 4 11 16 6 19 13 4 18 17 19 3 3 19 0 2 5 5 11 15 0 12 9 11 8 9 13 14 14
11 14 19 4 14 14 5 8 11 10 18 13 15 2 20 9 18 20 20 19 18 5 17 19 5 20 17 5 2 17 1 10 15 0 13 13 5 4 3 8
14 20 17 9 20 1 3 6 1 6 19 1 18 17 1 2 12 16 10 20 8 13 18 4 1 10 0 15 16 10 5 9 7 12 5 17 6 13 9 3
16 14 17 14 18 11 8 5 7 17 12 17 2 0 15 14 1 3 4 17 12 16 10 12 3 4 10 7 10 16 4 2 16 20 5 13 7 14 11 14
19 15 18 11 17 9 12 11 14 19 15 5 18 11 9 3 18 3 7 1 16 1 4 4 6 17 19 14 6 10 8 13 20 1 10 15 15 9 19 17
20 20 11 14 9 1 4 8 17 5 7 10 3 14 11 0 18 19 13 8 16 20 0 15 18 5 18 12 2 2 14 8 18 5 11 8 18 0 1 8
11 14 17 20 2 11 5 18 4 9 20 8 11 11 16 5 12 5 13 7 3 19 15 7 0 16 5 3 5 9 15 9 11 2 19 19 10 9 7 5
17 11 20 0 14 20 11 14 4 12 0 2 10 7 6 12 19 1 13 16 19 7 15 10 19 4 9 13 11 16 3 16 6 13 19 19 16 13 11 14
16 14 9 9 6 8 20 11 9 12 3 11 1 15 2 11 17 10 17 18 0 2 17 18 2 0 19 17 3 19 10 5 13 17 16 16 0 20 17 6
16 18 17 17 6 6 15 20 12 4 8 13 7 13 3 16 4 0 4 6 12 9 14 6 16 14 15 20 14 14 17 1 8 19 16 19 4 8 18 16
14 12 5 2 18 19 13 15 7 19 15 9 10 11 20 1 0 9 9 14 10 8 16 10 4 19 2 5 3 11 7 18 2 17 9 19 17 18 6 4
14 17 14 10 6 15 19 1 4 13 11 14 8 12 10 15 4 15 4 3 14 18 12 15 3 0 9 17 6 5 3 5 14 18 13 10 18 0 7 19
11 20 2 20 13 8 15 14 5 6 0 9 0 12 16 3 18 0 17 16 15 3 20 5 12 12 6 1 14 16 16 11 2 12 13 9 13 7 12 1
13 19 19 4 17 3 11 16 20 20 6 18 1 3 19 8 9 6 3 7 3 18 11 10 5 16 19 12 7 8 0 20 5 7 4 8 19 10 16 1
14 13 3 16 7 14 15 7 14 13 17 10 8 14 7 3 18 13 2 7 20 17 0 17 0 9 15 8 11 1 17 13 8 5 14 6 20 7 5 6
18 20 2 15 8 16 6 3 9 1 12 12 13 16 3 15 13 20 4 11 8 0 15 11 3 5 14 4 11 12 19 2 0 20 17 6 16 5 3 19
15 13 0 19 1 17 7 13 19 7 0 18 12 1 7 11 18 18 8 8 12 19 2 3 16 10 17 9 13 18 1 17 7 10 8 9 19 2 18 3
17 13 2 19 12 5 7 8 7 15 17 5 3 12 3 12 17 3 15 5 19 16 12 8 9 0 11 6 16 5 14 1 18 0 19 19 14 12 11 10
11 12 11 11 16 8 20 7 13 15 8 5 5 7 14 14 13 20 7 13 19 13 19 18 16 6 0 7 15 17 19 13 6 5 7 10 7 16 18 17
11 19 12 16 2 20 11 5 7 15 12 12 4 20 12 0 5 19 16 2 16 2 2 4 6 13 13 20 7 3 19 8 6 10 16 12 4 10 9 11
16 13 14 8 7 7 7 5 11 16 20 8 11 17 0 6 18 9 1 20 2 13 15 3 16 11 2 16 9 9 17 15 2 1 3 17 6 1 17 18
14 15 12 2 3 17 1 20 20 12 17 9 3 0 4 17 14 15 3 12 14 18 4 4 11 20 10 15 19 9 6 5 8 13 3 6 3 18 13 13
19 18 9 17 2 16 4 2 14 8 10 6 10 4 15 2 16 7 16 18 7 10 0 13 0 13 17 2 20 6 19 12 9 15 10 13 16 13 4 2
16 16 12 1 3 13 9 18 13 9 7 19 17 14 19 11 11 9 10 8 12 11 6 9 16 20 0 11 8 7 18 20 1 7 19 5 4 14 3 11
13 20 17 13 0 14 2 15 19 13 4 19 19 10 16 4 5 10 13 5 2 11 3 2 20 4 14 6 16 14 0 18 9 4 4 6 18 3 18 10
11 12 15 3 15 19 15 16 12 3 8 0 8 2 13 19 9 14 11 4 13 17 12 9 20 16 19 13 16 4 7 17 1 12 8 10 10 4 18 0
20 9 9 5 12 16 9 0 20 12 20 1 9 10 8 0 13 0 18 14 9 1 14 16 18 6 10 6 4 17 13 8 12 14 18 16 20 13 5 11
19 14 20 19 15 9 3 20 12 5 8 19 10 3 13 18 4 16 9 2 6 2 8 17 17 8 14 0 13 8 20 5 9 8 13 4 11 13 12 3
17 14 13 9 0 11 11 16 17 8 12 9 8 17 13 20 0 10 4 10 2 11 11 1 17 14 9 19 12 14 10 17 8 19 20 6 3 20 4 0
14 11 16 17 18 17 9 8 18 11 13 13 7 11 11 6 18 6 4 0 16 7 5 18 14 7 3 5 2 18 7 2 2 15 16 2 19 19 16 15
13 15 10 17 17 10 11 13 16 3 15 1 18 8 3 10 13 10 9 13 20 15 20 19 4 9 20 13 11 5 8 20 13 12 11 3 6 9 13 1
11 17 13 0 13 18 8 8 20 19 4 20 19 3 0 18 14 4 13 14 0 14 3 0 11 11 2 6 19 10 19 2 11 5 19 13 7 12 9 16
19 13 16 16 18 11 18 19 3 10 8 5 10 14 19 3 5 9 0 15 15 19 9 0 8 7 19 6 13 14 6 19 16 9 5 17 12 10 2 0
14 19 0 11 1 16 13 0 17 12 8 14 0 13 18 4 18 7 0 19 18 3 11 19 3 6 16 14 11 0 6 6 19 14 15 8 20 1 5 8
11 19 13 8 6 13 2 0 14 13 12 13 15 8 17 13 15 4 5 2 17 5 10 13 16 2 12 6 12 16 9 4 17 18 5 16 2 2 4 18
12 11 20 7 9 13 0 2 19 12 3 19 5 10 5 13 11 2 17 13 5 20 11 13 19 10 11 6 11 14 18 3 8 8 15 10 9 0 11 11
15 13 20 18 15 15 2 19 4 17 12 9 3 13 20 14 6 1 5 18 2 0 10 17 15 17 12 12 2 0 13 2 4 2 8 15 16 7 18 15
13 18 7 9 16 19 13 4 2 16 8 7 1 14 18 17 6 16 10 10 11 8 11 6 1 9 19 20 2 12 18 13 9 20 13 19 15 11 13 1
19 13 2 0 18 0 20 16 5 16 5 15 1 14 7 1 19 17 8 4 14 1 18 19 2 11 16 12 18 14 14 2 17 8 9 4 4 11 11 19
16 12 14 20 12 6 7 15 17 4 10 10 20 19 7 9 17 19 20 9 17 14 12 16 19 1 11 19 1 9 14 10 14 17 13 9 15 10 7 5
18 11 13 13 3 1 16 12 5 0 18 16 14 18 10 3 0 18 17 3 6 16 0 12 13 19 12 9 6 8 12 11 17 19 20 4 13 20 9 2
11 19 2 17 10 6 2 11 15 6 13 20 14 17 20 5 7 9 17 19 17 5 5 10 18 7 16 11 20 3 2 10 10 3 1 15 14 16 11 17
19 15 5 7 16 11 20 13 9 15 6 14 13 6 1 1 19 19 10 16 19 8 8 2 20 15 5 7 17 3 0 7 8 10 5 12 9 0 1 19
11 12 19 5 9 1 20 13 5 20 3 5 3 15 6 17 20 1 7 11 19 0 13 4 18 19 12 10 1 18 18 5 8 7 4 3 18 1 3 18
12 14 18 0 7 17 12 13 8 17 2 5 12 14 9 17 16 16 15 13 6 11 20 10 7 1 6 18 9 20 14 11 15 1 0 15 0 11 16 1
14 11 17 13 12 7 1 6 7 20 9 19 1 1 18 16 12 1 10 15 5 7 20 3 11 10 17 17 4 8 6 3 7 17 6 20 10 17 2 10
14 14 20 1 19 2 5 13 5 7 16 15 7 8 1 18 6 12 7 18 6 13 8 17 6 1 20 7 5 5 19 8 9 4 15 8 19 20 19 19
14 12 11 15 13 20 8 5 14 10 20 15 3 4 19 1 19 17 11 16 8 17 13 11 16 12 17 16 9 16 13 1 4 2 7 14 10 15 12 14
20 14 10 1 15 12 0 5 15 11 18 7 9 18 19 17 12 3 20 0 11 3 17 16 9 15 15 0 15 17 8 1 0 10 3 3 12 5 20 0
19 15 11 15 12 4 8 11 3 9 6 17 9 15 11 12 9 0 5 6 11 19 12 3 7 20 19 1 0 13 15 1 16 9 13 3 11 13 5 14
18 20 1 17 13 13 15 10 13 14 3 17 8 3 20 0 17 0 3 7 19 0 16 8 5 3 6 18 12 19 8 15 8 18 1 16 15 18 4 16
15 11 10 20 4 16 13 4 16 6 13 20 8 18 14 5 4 0 19 14 19 3 5 19 18 5 9 14 9 1 20 6 4 15 8 8 4 7 17 10
16 13 2 19 18 12 4 9 2 16 12 11 10 3 9 1 20 10 8 5 15 18 15 17 3 0 7 19 11 8 11 12 11 10 20 7 15 17 5 0
