100
7500
11387
13612
13422
4451
8543
3607
1509
3289
4402
6557
4720
4908
7781
12574
8603
6372
10792
3832
94
4325
2395
1908
6654
13428
8592
2881
6535
7942
8825
6085
11275
7819
13788
10765
4192
7907
973
12118
9708
6841
14548
13300
14608
5209
6371
14913
11649
2725
10922
14166
853
6060
9571
8807
14356
9104
8936
11748
357
926
12458
9168
6481
2228
11189
14884
3227
7147
2998
3582
4399
14108
4926
5811
14439
11320
4027
9337
12883
213
816
12668
5299
14623
5227
11351
1782
6347
13696
6881
8626
9517
7737
12729
14872
5326
1529
5915
3841
7831
