10
0 35 35 47 -17 -37 72 34 54 46 18 -19 49 95 2 -77 21 -10 42 86
64 -4 23 84 10 -49 -18 -90 47 76 20 -81 13 91 -45 -22 -33 -29 93 9
85 96 78 29 -72 29 -60 23 -50 -97 99 66 -85 -57 -67 91 11 79 -19 22
79 43 6 72 -93 94 -35 -17 44 -21 -25 50 -32 -95 88 15 -1 13 -91 75
86 40 -5 73 35 15 11 -39 21 44 -24 -37 -16 -24 -6 -74 -78 89 91 -78
9 46 -52 14 -10 82 -36 69 -17 -24 96 -5 -15 -34 45 94 -86 -31 -74 -56
42 -34 60 33 43 -5 0 -40 12 -21 -4 -54 -17 49 20 0 81 -63 -39 90
12 84 22 55 88 16 -59 -86 -3 50 81 0 99 -16 -26 -62 -68 -12 39 20
78 -17 -13 53 32 -77 25 -76 58 -8 11 91 78 -78 -79 87 -8 1 46 10
51 59 95 96 -91 -49 -10 -48 -35 -53 64 -51 20 -6 46 58 -43 -78 84 -11
