100
7500
6314
8868
10367
6328
1438
7516
13117
1899
2281
2520
9721
2302
14276
12658
1533
4023
9510
7390
3537
5969
11427
6637
7278
8815
10954
4466
2421
13885
2734
1872
3809
9034
4524
7204
6017
9560
8219
10820
2705
13689
5472
6825
8038
2789
14885
6749
4538
11434
156
9239
9124
7242
12526
3908
4850
11266
9134
3579
6191
12220
3476
9590
7851
9793
14240
2297
14179
4136
14327
7411
11811
12491
13855
11466
6521
14431
2488
13542
6853
6379
12110
3250
3701
6449
2509
3230
8581
9255
10343
6151
974
3139
13894
7785
11686
10792
10359
13212
2979
9280
