100
7500
9535
2548
4055
12042
1567
8980
13138
4232
7389
8853
625
481
14913
7171
12749
4693
6518
12020
2047
257
13703
132
7299
1446
13821
13722
12715
3781
14871
2181
13727
6191
7365
9298
12734
9208
576
6269
13289
3640
2668
13171
12464
9893
2618
7184
4784
13121
7810
9282
428
13011
9632
13149
3819
10976
4175
3823
8896
3999
5246
14298
6766
9699
14483
4124
5399
11588
10443
7323
3245
3569
13890
4986
104
14375
14092
12258
12182
7225
10858
10391
4096
826
5637
10114
8436
88
756
7837
5242
10626
13504
13727
3525
6585
2429
13370
11798
13017
