10
32 7 57 -4 68 -43 -88 97 -67 -22 23 -18 85 -31 -96 7 -2 44 92 -10
26 71 -34 -15 -18 -5 99 75 63 77 -86 -83 73 52 80 -34 -91 25 6 -23
99 -18 -20 84 -43 87 -38 -42 -25 -23 35 -1 4 -71 -24 62 -44 4 65 -32
9 13 94 -25 -74 50 -42 36 47 -77 -18 25 89 -71 -11 68 -92 -6 76 -79
29 84 65 22 -16 85 -94 -4 -92 79 7 15 74 -38 -75 -44 60 47 87 22
43 99 -92 -28 32 4 70 17 -76 -16 9 78 2 -68 98 -95 15 10 24 -90
73 -44 37 19 -55 61 -9 -59 95 46 -47 -90 60 25 -100 38 52 55 81 26
17 92 -67 -37 13 59 -27 86 -33 63 -83 -23 78 -1 -2 -55 96 61 73 96
56 -45 65 -76 49 -18 31 27 -8 85 -50 75 -45 -75 -22 55 -48 97 30 0
30 23 82 -82 20 -14 12 -9 -35 -1 84 91 77 -42 -43 -82 43 3 -43 -46
