100
71 83 -48 -13 -86 14 5 95 35 -4 -36 -20 99 49 -28 53 -34 81 -88 66 27 1 54 -61 -23 33 91 78 22 53 93 -11 -50 -46 3 81 40 41 -58 83
60 -34 36 -32 39 -39 70 50 92 89 62 -50 -12 24 66 -32 -26 -85 50 48 -96 66 67 46 -41 -100 52 8 -41 39 -31 76 37 14 35 66 -34 27 36 50
50 71 -68 97 -7 81 66 -49 67 -26 -54 65 58 -45 70 44 36 62 -32 -52 46 87 54 -77 -83 -28 -60 92 29 72 -95 33 -56 60 9 19 14 -48 -84 -38
45 -16 23 -13 26 14 -17 60 21 -44 0 86 -8 98 -61 -21 -91 82 88 -11 -48 -96 60 24 -96 -58 53 -84 32 90 -97 74 -35 -38 53 72 53 48 -77 0
50 75 -67 2 94 43 -97 -25 91 28 5 -16 -52 -52 96 6 54 73 31 -35 -16 -64 59 82 -29 17 -88 -98 25 58 19 -88 30 -41 1 -98 14 -83 76 25
30 71 -78 30 -20 28 -42 79 -96 25 89 -92 97 55 47 13 70 -97 -77 -1 -46 -63 64 1 20 -36 -57 4 89 50 68 73 -9 -68 -93 -80 -22 -5 -4 71
63 95 2 74 -60 71 -54 -55 -1 27 -76 35 7 -8 -63 59 -71 40 -8 62 -40 -19 -8 -64 38 76 -5 -91 46 89 -64 -69 21 73 -81 62 1 28 -85 40
5 79 -61 89 82 -63 79 57 43 -85 -5 -54 25 -63 13 89 -41 -73 -71 -20 15 69 38 65 3 35 -1 95 71 78 -5 -22 -100 -73 2 -2 -5 55 69 85
78 31 36 -15 83 97 33 -2 73 -60 -97 -61 -74 29 75 -5 73 51 6 -68 74 31 -61 97 95 57 -29 36 -89 -47 67 37 -57 97 -60 35 66 -96 -7 -5
32 83 61 -88 -8 17 -3 -85 41 92 93 33 31 -92 15 49 -25 -41 21 -94 -35 59 -46 31 47 -65 -21 -81 59 67 -84 99 90 -52 -32 56 95 -37 -12 40
53 56 69 -59 -78 -26 49 88 67 -1 -63 -26 -19 -97 81 -30 -40 58 -32 21 -40 96 -51 -47 -8 77 -31 71 97 -76 -53 -21 -43 19 72 87 -36 82 94 17
16 69 96 30 -33 -17 -90 -12 85 -72 81 -26 98 43 41 33 -89 -59 54 5 47 83 -82 -38 41 -20 -51 -29 -27 84 82 73 40 -47 -56 -86 -18 -81 -49 38
94 -91 57 88 -62 -55 65 -24 37 -68 2 28 30 -18 -46 -1 49 -5 43 -12 -26 13 65 -91 -47 45 33 88 -99 59 -71 90 68 -67 7 -67 -11 40 91 68
41 47 57 -49 -29 97 46 -30 -9 -39 32 -82 -82 85 50 -61 40 -20 -17 35 -61 77 25 -8 -19 44 86 88 -80 -47 17 23 80 28 34 71 36 -57 -99 8
66 98 -37 -56 -22 90 -100 -29 17 70 -1 82 83 78 47 -63 -80 -35 36 88 -5 -76 88 -76 30 5 13 -82 -50 -97 -76 43 71 -40 61 -72 28 78 40 98
31 78 -52 99 -34 -45 -67 98 23 -30 -96 58 -60 87 -49 42 -67 5 38 71 -78 62 -60 -5 93 27 89 0 -5 41 -62 -2 -46 45 27 47 -58 -58 99 63
33 88 -23 100 31 79 11 73 35 31 50 27 -67 -13 -1 35 -34 95 -93 68 -40 20 -72 30 50 75 -40 -94 30 76 46 -54 77 -6 79 16 -83 -49 9 -87
73 45 67 39 -14 87 52 -94 -10 -29 72 -85 -9 26 14 65 25 4 76 -71 51 14 -61 76 -11 30 -23 20 -20 -53 14 -24 -84 36 -26 27 52 4 5 99
18 92 -1 85 -31 -21 -45 54 67 -29 -6 -70 -56 55 71 -71 91 -86 -57 81 60 8 -45 -6 -18 -33 -16 55 -35 -93 27 -35 68 13 -33 68 -42 44 98 -90
47 8 -16 59 68 -45 72 -20 69 -97 -81 -58 8 34 -29 9 73 32 43 -91 -80 12 58 -4 13 56 -77 24 0 50 -16 39 -71 -77 6 17 96 -4 33 17
14 75 36 20 19 34 -8 -10 64 -54 -62 28 45 79 -76 10 21 53 -11 49 97 10 -73 88 92 -93 87 -22 -78 82 -79 31 -74 11 -22 -88 -36 64 -99 33
25 49 -37 71 -11 42 -35 -65 -27 16 85 -60 92 22 68 -36 98 -39 85 -93 -32 46 -8 53 -41 14 31 2 65 -30 -78 -31 75 4 -44 -98 5 -92 -20 -54
9 23 24 28 56 -36 64 -80 -9 34 -85 80 -42 -19 73 21 76 25 78 10 -79 -63 40 78 14 23 -41 97 71 -48 -77 13 0 54 -54 49 31 82 -43 77
45 46 -70 69 -47 81 -65 -25 58 62 4 -28 56 -16 46 -86 -1 82 -16 -20 24 74 -23 -16 71 97 -54 17 56 -3 68 -55 -66 -34 29 -80 -8 -95 7 -69
99 26 -49 41 -81 57 -52 67 -3 19 69 -63 82 85 11 31 -57 -41 -16 77 -31 -25 -45 -54 60 -52 31 27 87 -46 -68 56 68 38 44 77 -56 5 -83 62
63 68 40 -80 40 12 63 97 83 90 95 14 23 -100 68 -92 -6 -25 -50 45 -18 -31 23 74 -84 36 95 95 -61 51 82 98 87 -81 92 90 -5 4 91 -9
37 -16 50 88 79 -45 -21 80 -63 31 -79 53 22 -40 17 93 71 4 79 5 1 79 -63 -57 -75 67 -52 -5 50 -63 -89 -56 26 -43 -26 -68 27 82 -22 -7
76 -36 79 53 71 75 -47 -70 -5 58 3 -48 11 -35 43 -63 -34 -23 47 -59 -43 33 22 -69 42 14 44 36 75 92 46 -84 -46 -34 57 11 44 14 -12 17
40 -29 25 80 18 -10 -75 1 5 18 -51 40 77 30 82 -19 13 65 -23 80 -20 16 23 -18 -30 84 42 -84 91 29 88 -93 67 12 -70 -33 -63 47 8 68
41 11 93 77 82 -62 -28 -23 -25 -58 10 -10 -89 77 75 -14 -29 -79 62 -25 99 13 42 40 -33 -46 75 32 17 20 -75 92 56 -23 -98 -9 -84 54 98 -53
83 86 -52 -78 -7 -27 83 82 24 -68 -18 38 41 5 -15 -22 -13 63 -26 96 -44 -77 -61 54 -90 76 -74 44 -59 10 5 51 63 76 -37 37 -41 26 -87 -31
4 2 16 79 89 13 14 -23 -13 -95 -47 35 47 -40 -81 63 86 99 -85 28 76 42 59 4 -3 74 57 -85 27 50 43 89 -34 8 -39 22 -6 54 -65 -21
95 -10 -55 76 -59 93 87 91 4 -9 48 -54 63 52 68 -18 15 81 44 -98 -32 -54 -61 13 60 -84 -37 55 -9 69 -87 -3 -51 58 -39 75 77 -86 59 -21
32 -23 28 -19 95 43 -34 -68 8 22 13 -24 75 -74 85 -48 22 -39 58 -14 97 -72 -80 50 26 10 43 46 -32 -56 37 -74 -96 76 -99 43 19 99 -58 -47
72 -12 64 -59 58 -11 20 33 77 -76 -73 53 -63 87 65 -32 99 -26 -93 -34 13 94 54 6 -45 -63 -87 -41 73 -64 81 -100 78 -32 15 -78 24 8 100 -43
23 29 86 -73 -30 21 -20 15 19 -29 90 91 -95 -10 -77 84 -5 -25 26 39 -55 99 53 93 41 -75 5 60 46 -8 -46 97 47 -68 -88 -44 12 -33 -92 8
31 41 -68 29 -7 14 21 3 89 -38 76 35 -28 85 -64 95 -32 -29 56 -44 -52 -24 53 88 -75 -7 27 51 56 -80 51 -71 -38 -59 9 24 -22 -78 7 84
48 61 -51 55 78 44 65 92 10 -90 95 -8 -88 -64 -30 39 -84 75 63 -98 -97 -18 -15 93 95 -10 -100 46 -40 -48 -18 -76 91 66 2 42 -29 -73 -51 78
47 80 -43 46 -73 42 -16 29 -26 -54 52 18 -82 25 38 -68 48 69 -68 -51 38 -41 70 33 62 59 -90 70 14 -44 61 -68 -33 -82 46 66 74 -8 35 -29
68 -34 77 15 61 -51 -87 52 -77 93 -14 41 -11 -79 71 40 -79 -19 -60 63 82 -31 18 -80 69 -45 87 77 75 -9 97 30 -41 27 -98 -78 73 36 60 52
5 35 94 57 -60 -84 20 -3 1 -12 30 3 -9 32 -45 84 62 32 4 -49 6 11 -39 -89 -78 92 -18 -10 88 10 -55 27 -57 -62 74 -4 -31 -50 47 34
88 19 -58 88 78 -44 -82 30 -79 -36 12 40 79 70 -91 60 94 88 -84 91 -22 24 97 -100 -85 36 60 -74 99 33 55 4 -100 0 20 20 -15 -6 70 -56
54 40 46 -58 21 66 -52 49 -51 86 52 99 52 -51 -17 -27 -52 -93 2 -10 -40 40 -52 -25 27 -79 44 1 100 60 -42 -93 -44 92 -97 40 14 -66 60 -11
70 77 37 0 1 -7 -30 98 -44 -90 5 67 84 -70 37 -23 32 -97 42 -60 10 44 71 51 26 94 -4 55 19 7 -71 -97 65 97 0 6 82 -64 75 89
46 -17 29 38 -6 -32 67 -60 95 -40 -66 65 -82 56 81 52 62 -15 91 5 -98 46 -99 32 -62 -70 -4 4 17 73 -64 51 -34 -72 30 -38 -25 -39 60 -73
29 95 84 -20 31 -64 51 -4 -24 -91 -18 -29 97 41 -69 15 -72 -7 45 80 40 -6 56 -8 46 -40 33 -23 -71 -54 0 34 59 63 39 31 56 -46 22 74
7 13 48 14 55 -56 -14 84 98 -92 79 92 -20 -68 35 -83 98 16 33 12 -62 52 94 15 -53 -8 23 -1 -73 49 -25 56 50 51 68 82 75 -25 -47 -47
93 -53 70 -78 11 19 81 61 -86 1 -61 84 -40 -54 -32 18 -8 52 -1 -24 85 45 -52 84 -50 -78 39 46 8 -80 -58 -27 66 -68 85 65 84 -81 -59 -57
51 46 -54 98 63 -83 18 -65 52 22 -94 87 -94 66 -24 12 -32 4 76 34 -80 -77 29 31 24 -49 85 55 -42 -1 64 86 -34 -55 11 16 28 82 -89 -35
42 76 -66 17 94 2 -50 -41 -17 -7 -9 90 -64 80 72 73 -20 -77 95 -66 -19 -70 39 19 -23 -88 -37 24 98 -49 3 99 -78 -36 -10 29 -52 31 13 -3
34 -4 21 48 -10 -15 93 -9 37 -87 95 -72 46 -26 -61 39 -89 54 -17 32 -34 -25 -44 90 18 -42 -68 26 67 18 -69 5 -19 99 -88 -34 81 -16 25 -2
73 60 -5 -46 74 64 -4 -26 2 21 -14 47 -2 60 -59 5 -33 58 -76 -8 -19 22 96 98 -91 37 -41 74 -98 -10 56 27 -61 -94 -66 -36 40 -53 82 -100
36 76 -85 98 -51 99 -12 -68 -6 91 94 59 47 -66 -74 -67 9 60 89 4 -48 -99 25 95 20 37 -41 85 39 -76 26 33 66 30 11 -44 9 -98 -1 70
23 97 -97 36 -17 21 54 -4 1 48 -55 16 73 -82 -9 24 1 -30 66 -19 11 40 63 12 55 -24 26 -1 80 -99 -43 69 31 -24 -32 -42 97 44 43 38
21 91 68 38 -20 57 -15 39 -38 -31 85 -54 49 53 -17 43 4 -57 -79 61 -3 -58 50 73 59 -7 -51 -17 72 22 -84 50 -89 -98 27 -35 8 -4 -59 56
30 90 84 -15 -73 -97 53 79 -96 -37 -18 13 78 -44 97 55 26 0 -65 83 23 -84 13 -19 -37 -69 -69 -1 80 -58 82 -34 50 -22 54 -85 83 -73 -22 -44
8 30 69 57 79 20 -48 -97 -8 -91 59 99 -10 -78 -61 19 84 62 -42 17 -57 -81 59 -75 -3 57 -52 92 3 92 -6 -82 11 80 -36 -67 65 -34 -37 73
98 -58 93 -90 4 -21 84 -7 -35 74 -81 62 95 -51 -97 82 -50 90 91 -23 -46 62 -6 79 86 69 96 76 -32 -66 0 45 -18 -11 -74 -59 94 41 32 -59
50 -19 42 81 -21 50 54 -61 58 -85 53 -71 10 -32 18 -69 96 -38 -16 -60 66 16 -92 93 -74 78 88 87 -72 -29 -97 24 -36 -58 95 -30 89 -58 -91 100
12 63 -49 29 51 -98 23 99 9 -3 -36 -22 51 1 -80 -21 62 -42 66 31 98 -70 24 70 23 -2 71 -67 -10 -9 3 -81 51 -3 -1 -55 59 -98 -77 -14
82 -1 86 -55 48 40 80 -22 -82 -21 -91 89 0 -85 93 41 -76 11 69 37 -31 16 -72 -70 63 63 -46 -82 -72 33 77 -64 -29 77 31 15 -66 -25 97 88
64 26 33 -42 53 -79 70 -53 64 -87 44 9 1 91 -91 -76 61 72 32 63 -84 75 -22 29 -88 -96 44 -93 22 90 66 -78 -87 2 -10 66 -11 54 -71 -2
63 -59 26 70 49 91 74 -9 12 56 -53 -5 -9 -47 3 42 -20 -18 24 17 61 -62 48 9 -52 89 -74 -97 79 -52 71 -40 -4 -66 -75 66 -87 -89 76 -29
95 20 52 -82 76 17 -72 54 62 67 -91 -67 63 -62 -74 -55 93 70 -98 89 -92 51 22 -98 96 52 30 66 -61 42 -38 -100 -70 39 56 50 -13 67 80 -93
69 37 -72 79 -46 93 88 79 85 -87 -70 -96 -68 43 81 -72 49 -63 15 -86 19 -68 92 9 27 -7 -52 86 71 82 15 -74 70 -63 54 72 34 -20 53 3
84 73 25 -70 -3 -45 -3 -59 84 -33 77 25 -70 57 -82 83 -26 44 -37 -46 26 76 68 -39 -44 9 -82 38 -83 28 79 -54 76 76 66 22 -16 52 -50 -1
61 -58 95 31 -35 -66 87 -79 79 -90 90 -55 8 75 36 38 -59 79 -94 48 -33 0 71 28 31 -10 69 -75 -30 -48 21 -64 27 -54 -91 87 70 1 -97 -86
43 83 76 47 98 -76 85 -3 12 73 -84 62 43 75 29 66 -77 -1 6 -28 87 -42 -36 64 88 -45 -5 -29 80 8 -89 50 -92 37 -51 62 -64 -35 57 37
13 54 44 -53 26 -46 -37 4 63 87 -63 68 -57 69 14 -29 -6 -57 -72 64 -3 52 24 95 50 76 61 87 -69 98 -60 -7 71 1 41 -60 88 -74 -18 54
81 35 89 -41 -75 -7 90 4 -11 -55 15 -87 66 -38 -35 80 -54 69 -25 76 12 -58 48 -27 23 43 98 71 52 -68 19 -64 -94 87 -25 -87 54 -85 55 64
62 72 54 -30 59 -51 45 -84 -71 2 77 54 87 41 6 48 -33 -6 3 51 37 14 70 -51 -61 27 -84 58 -62 96 94 -47 -9 -28 52 -5 33 -47 98 -38
28 92 -47 95 52 -12 -49 -28 59 58 46 14 -28 -88 -36 -50 -97 48 -21 19 84 -79 -5 -24 94 84 71 21 46 71 -73 78 91 -87 35 -58 -96 41 53 31
44 83 20 -61 63 31 23 77 -38 28 -8 28 -45 72 -34 -84 0 -100 -46 -6 39 76 27 69 -98 -73 95 37 73 29 23 -58 63 41 53 -10 57 -63 -54 50
27 47 88 -1 29 48 -35 41 -21 -21 48 49 62 -4 -83 16 -34 -3 -12 94 33 -55 -35 -24 -24 31 3 66 -98 60 -82 57 -64 -70 -77 92 50 1 93 71
59 93 12 56 29 62 94 46 -44 16 -9 2 -90 -1 -71 50 -6 -45 53 15 29 47 69 41 -84 -10 -4 2 -8 80 -77 -57 -39 66 -22 30 27 -69 47 -55
43 30 -38 17 92 -76 -23 26 54 10 -27 -31 45 96 -97 -29 48 95 -59 56 8 49 98 69 -53 -6 19 -72 -94 -19 37 82 68 -86 -69 83 -56 72 -45 41
92 51 49 -73 42 39 -11 -26 -44 -49 89 -79 27 -68 -32 51 98 25 6 -51 75 59 -9 -65 28 31 -44 88 56 92 -55 -83 -88 -79 8 -81 68 -47 84 27
68 6 -67 99 -55 13 65 47 -36 -86 86 -55 52 13 -2 14 16 26 64 23 84 -95 -74 51 -45 -32 -100 -63 52 -47 79 34 32 -13 -59 -4 -43 20 -47 24
19 14 66 -71 32 -44 24 41 -5 -12 89 24 65 60 73 -100 -85 -4 35 36 -18 -11 -64 -33 96 34 -16 -38 52 -91 53 -31 -32 68 64 -72 -90 -26 -33 64
32 79 44 -81 -35 89 -71 91 59 -45 1 -96 93 -46 28 -100 96 38 52 -21 19 6 43 92 70 86 -20 3 99 29 4 11 33 8 -14 64 61 48 -27 -81
28 59 -24 16 67 -82 68 -60 -7 86 59 10 94 60 -91 -50 -27 -49 26 34 18 -10 -8 -39 -100 68 48 -10 0 -43 51 51 -13 81 86 11 -75 -36 28 21
37 6 -11 -5 70 69 -25 -39 -62 52 75 -27 82 -49 -47 8 -14 -13 -41 -39 95 76 -45 -10 52 84 49 -92 -84 -57 -18 -6 42 -52 69 47 -45 -72 -58 61
34 -15 -6 43 88 -78 43 74 -30 -39 43 -69 -30 61 -78 60 -75 21 94 42 -62 80 57 -8 -44 39 71 11 47 49 -27 -81 1 -37 80 60 -57 -76 -38 -19
18 -7 68 -65 99 32 41 -42 -54 90 87 -48 -90 -19 -17 70 33 -3 -34 2 39 -89 84 92 -66 -45 -20 -15 -44 14 -71 -20 64 73 93 40 -70 -82 -76 -28
16 -12 30 -5 78 35 -97 72 -19 44 -99 -25 64 -61 -4 76 -76 81 55 -32 -78 -26 1 -13 63 10 91 -59 82 83 72 -63 -99 -63 -49 91 -57 -96 40 65
52 66 64 -9 82 -61 -25 19 -91 15 -31 -67 49 92 17 81 -32 -76 -6 91 -39 -88 -81 29 97 -2 -7 18 74 27 -92 -7 78 -98 -5 41 -8 28 99 -60
51 43 85 -62 29 84 -12 9 -36 56 32 29 -49 79 4 -96 -32 60 21 -5 0 -66 -25 -26 -47 81 71 47 -57 -24 66 -49 17 47 -77 -45 -4 -68 52 -80
73 86 54 12 96 15 -11 -3 54 68 -98 83 69 72 13 -39 -96 -75 27 -18 7 55 59 23 62 -27 -31 -5 -63 32 75 88 25 69 23 -74 -87 47 -28 92
54 17 -47 81 94 30 -30 32 -98 56 -71 95 56 4 -37 53 71 -64 93 -35 -16 32 -75 85 -89 -67 -28 37 -37 16 89 34 -65 60 -39 27 17 59 -63 75
80 94 -84 17 -73 -25 71 28 -21 75 -40 8 -96 -18 46 75 -48 47 -36 -23 -2 59 70 25 22 -39 62 76 37 66 46 -27 72 85 -49 30 47 -61 75 -66
31 -27 75 30 66 12 -86 75 75 40 48 11 -64 -33 -75 32 54 37 80 76 -89 83 13 -28 41 6 -71 -34 -99 -59 -32 -81 62 -4 -19 64 -66 81 -66 -88
22 45 61 -53 14 -48 69 -74 56 -71 45 89 32 -75 -35 14 13 -52 66 24 -34 5 62 99 64 -60 -32 -34 51 -31 -67 97 -75 -69 -68 -41 86 15 24 -74
49 28 82 72 0 47 -80 -90 -78 82 48 20 64 79 31 92 -56 -34 20 -60 -81 26 -78 48 -51 53 85 59 -90 -92 -54 36 66 25 4 11 96 6 -74 97
19 81 -71 -5 59 29 58 61 18 99 -27 -82 23 -69 -83 -68 -17 32 32 67 72 -64 33 -4 84 55 -49 59 20 -26 36 35 -28 -96 -35 23 -44 92 -40 -93
54 34 19 -61 80 -80 -10 -7 57 95 -8 -28 19 86 -4 72 -10 -47 73 56 54 2 -1 -75 75 91 -2 66 46 82 -93 -47 25 -63 5 73 -98 -72 44 -47
22 -16 99 -42 -24 19 61 -90 -2 92 95 -4 65 -9 29 -69 -46 -20 48 -15 -10 58 29 -36 27 32 58 -43 -60 -7 -65 -31 -91 -47 10 51 -44 41 -51 51
7 79 -46 96 87 67 72 50 41 65 -63 33 -23 31 -43 15 -61 17 -84 38 65 -39 15 4 99 -54 27 31 -84 -41 51 -79 87 36 -90 82 -79 14 -14 89
5 27 61 -43 95 -14 -41 13 29 -99 11 -9 46 -55 49 30 -13 59 -51 86 -53 -80 -52 31 80 -54 13 25 -66 33 82 -61 -77 50 59 -80 69 17 -55 43
22 59 -64 46 43 71 -84 2 97 -59 82 -26 -58 -39 -26 -66 85 -28 -45 47 95 -97 93 17 37 -13 -56 93 8 98 -11 90 55 -16 -14 0 -23 -32 -84 -60
59 -5 100 -87 38 -76 -7 18 85 -86 51 -17 83 -99 83 90 68 99 -13 80 -86 64 18 -58 99 -33 -48 11 64 -47 63 84 91 -8 75 9 -99 -33 -98 -5
