100
12 18 19 2 1 8 16 9 9 20 8 3 7 10 14 0 17 11 16 20 6 20 14 9 4 10 0 1 2 14 14 3 11 15 18 4 20 19 20 6
11 17 17 6 0 19 4 6 13 19 15 19 8 2 4 5 16 11 1 1 15 17 11 18 0 11 17 15 11 19 16 4 9 4 17 12 15 8 4 8
11 12 13 9 5 12 11 3 18 17 15 5 12 6 9 9 2 13 11 2 17 15 3 14 13 5 20 19 15 17 3 15 3 1 18 3 20 6 3 8
16 15 7 20 12 20 3 16 17 1 12 12 15 14 11 17 5 15 8 2 15 0 19 5 19 20 9 20 10 10 11 11 12 9 18 10 17 17 13 5
11 16 14 15 2 7 3 16 19 2 6 1 19 4 15 17 7 4 12 16 3 17 14 5 20 18 17 20 5 13 4 12 4 20 17 8 18 13 19 13
11 12 13 13 0 19 2 20 11 11 6 6 0 16 18 18 8 14 4 10 7 9 1 12 8 15 3 15 2 11 19 16 15 10 8 1 6 16 3 12
14 16 9 3 12 13 12 8 6 9 16 7 20 10 10 14 17 12 2 3 20 9 5 18 18 14 10 10 12 10 20 0 12 6 4 4 20 10 13 4
16 12 3 2 13 18 20 16 4 4 1 17 0 18 10 10 0 18 12 10 8 6 19 17 20 13 11 16 17 0 13 0 8 13 17 20 2 18 3 3
19 12 19 18 4 15 15 3 4 7 2 10 12 9 18 15 16 3 18 3 3 12 0 16 16 12 15 8 8 1 4 7 19 16 17 7 2 20 15 14
13 18 11 12 3 17 1 14 6 17 0 3 12 19 14 0 16 3 12 7 16 12 16 5 4 15 14 2 18 12 8 19 14 5 9 16 16 10 15 2
14 15 2 6 13 15 10 6 11 16 1 15 18 19 6 16 0 2 14 11 14 9 13 3 12 4 18 16 12 13 8 8 11 5 17 17 13 11 7 17
15 20 13 0 4 13 16 7 9 12 14 8 1 13 14 19 15 17 10 10 0 19 12 13 6 11 14 16 8 7 17 4 12 0 0 8 14 11 11 3
17 20 9 2 5 18 8 18 15 6 4 6 0 13 14 15 15 20 11 17 16 3 7 19 20 12 2 5 8 18 16 5 11 10 2 19 8 11 14 16
12 14 18 8 2 12 19 2 7 7 16 15 20 14 15 6 20 5 8 6 19 19 2 7 11 1 4 17 4 13 13 18 2 10 2 9 10 13 7 19
15 19 2 8 16 12 6 13 18 0 11 2 12 14 0 18 17 18 8 1 7 7 7 10 8 16 6 18 17 20 4 5 8 11 2 6 17 4 2 19
20 18 0 14 10 0 6 13 18 0 15 10 11 4 12 2 14 16 17 13 3 13 2 7 14 6 20 11 4 17 4 6 15 0 18 20 19 11 11 18
14 19 18 9 18 1 6 10 20 13 6 20 16 16 11 15 5 16 3 6 5 11 20 4 16 18 19 0 9 18 14 8 16 0 0 16 6 8 2 15
18 16 1 13 20 10 10 19 9 8 11 10 2 13 5 14 13 18 5 20 16 11 5 8 4 14 19 3 10 11 3 19 13 8 9 17 15 2 10 18
13 13 20 2 20 13 18 0 2 7 12 3 3 16 18 14 10 20 17 16 15 11 19 20 3 17 15 5 20 4 1 1 9 13 3 11 20 9 6 0
14 19 1 20 10 13 1 12 7 19 20 20 16 10 10 1 15 6 17 0 7 13 0 18 13 15 9 11 6 18 1 16 8 5 0 5 18 9 19 16
15 16 14 11 15 5 11 20 7 8 10 14 10 13 8 12 8 0 9 12 13 12 0 10 2 18 13 2 0 13 20 4 8 10 2 13 15 18 5 8
16 20 19 4 12 16 7 11 7 12 9 5 9 0 11 19 0 8 4 18 1 17 1 14 20 6 19 10 16 9 17 9 19 12 5 0 8 10 3 19
12 18 2 5 17 17 6 10 19 15 16 18 11 8 0 3 20 11 12 12 10 2 16 9 20 17 5 8 5 5 4 5 1 12 18 8 15 7 10 0
16 17 11 9 3 17 14 6 20 13 14 5 2 19 7 0 4 16 9 4 7 13 17 4 9 8 6 18 18 10 3 4 0 17 20 12 0 20 9 6
12 17 1 12 5 18 1 18 15 2 6 18 8 16 9 17 19 20 16 4 16 0 20 9 0 19 8 19 0 4 2 11 8 13 10 16 12 7 14 0
14 19 4 1 11 13 16 13 20 10 9 4 3 10 3 19 16 11 7 12 16 17 10 5 11 7 20 20 18 18 13 15 6 10 19 7 15 6 16 10
14 15 1 19 20 5 16 1 17 6 0 20 0 8 0 14 12 15 13 17 15 16 20 19 0 11 15 10 12 6 0 11 18 0 18 11 18 14 12 9
17 15 14 18 15 10 9 20 0 17 4 5 12 12 14 6 18 2 2 1 4 20 3 8 17 2 15 4 7 15 10 3 15 11 4 12 5 15 12 6
11 12 16 10 15 3 12 15 8 10 6 2 18 16 2 11 15 18 0 0 11 5 14 13 3 15 17 9 20 20 19 5 14 1 0 2 0 18 13 7
12 12 18 5 3 19 3 5 16 3 11 11 12 14 18 9 13 18 6 8 10 16 2 10 9 19 11 16 18 20 14 14 3 20 0 9 8 19 7 19
18 15 3 12 19 15 20 4 6 6 7 7 5 14 6 4 9 14 10 12 7 11 6 15 13 9 11 13 5 13 16 1 6 8 14 17 19 10 8 5
17 13 17 6 20 11 4 0 20 16 8 4 4 8 18 13 1 8 5 19 4 12 11 4 17 13 4 11 19 3 17 5 12 4 3 10 2 15 16 1
16 11 0 15 15 6 14 16 16 0 5 1 14 13 6 13 17 6 12 2 19 20 10 15 20 2 8 17 6 10 5 8 1 8 18 7 1 2 20 15
19 18 1 1 16 18 7 8 17 13 15 18 14 4 1 8 20 16 20 12 0 17 19 14 13 19 9 9 1 9 2 8 19 10 16 13 4 20 19 2
13 19 5 2 19 1 11 14 3 15 10 16 6 16 3 1 20 16 13 13 5 18 0 2 7 18 8 14 3 8 12 17 0 19 10 15 7 0 11 18
14 20 12 14 1 4 16 15 5 1 20 6 0 11 14 18 18 16 16 16 19 1 2 18 13 1 9 10 18 13 12 0 17 11 1 7 13 4 15 12
20 6 11 18 12 15 7 18 13 9 20 7 19 2 10 5 2 1 14 11 19 19 5 13 12 19 20 10 8 16 16 1 2 16 7 2 14 17 3 18
13 12 20 6 11 6 3 0 11 11 16 13 12 8 5 20 8 4 14 8 3 13 16 8 20 2 17 0 11 18 12 3 12 7 4 13 12 15 7 14
18 11 14 7 4 18 19 16 18 4 10 0 20 8 16 17 3 18 19 7 0 19 3 10 5 1 6 20 0 10 18 1 20 11 10 5 13 16 1 10
13 17 14 4 6 18 1 11 2 14 17 4 0 12 12 11 12 12 11 13 13 4 4 11 20 5 5 18 7 16 17 10 20 20 9 8 16 6 8 7
16 16 18 18 14 4 1 0 13 12 1 6 12 17 8 12 19 13 13 15 5 1 0 14 18 15 20 20 8 18 19 5 3 20 1 4 3 20 8 13
13 20 3 0 19 1 19 5 12 16 6 0 20 19 20 17 12 9 13 4 6 6 13 15 4 13 15 12 2 16 4 2 12 6 19 0 14 4 6 14
15 11 14 17 20 17 6 7 9 8 15 12 20 13 19 3 15 7 12 6 1 2 6 8 6 14 19 0 1 6 2 6 17 19 5 2 15 4 11 20
11 14 18 5 11 4 9 18 20 10 9 0 17 7 8 11 19 19 0 11 10 0 19 2 19 15 5 17 1 18 4 8 16 15 11 13 11 9 6 1
15 14 15 19 18 17 13 15 1 16 12 19 0 9 3 11 10 18 12 7 9 11 4 16 0 11 11 2 12 17 0 8 11 15 13 18 10 3 16 2
12 16 18 18 13 17 17 4 9 14 9 1 7 19 9 13 15 9 9 15 9 16 19 9 7 4 11 19 18 9 12 19 2 17 4 7 5 4 0 14
14 14 0 15 5 15 10 12 14 18 20 15 17 15 19 4 19 17 17 8 4 3 12 19 20 4 13 4 2 3 2 3 3 20 0 14 16 17 18 5
14 18 12 4 18 14 8 15 13 15 5 20 9 18 18 2 20 5 4 20 8 12 16 1 3 20 5 9 20 8 3 4 2 15 7 1 20 4 5 16
12 17 15 15 10 11 8 11 13 6 13 2 12 18 18 15 11 9 4 17 16 2 20 20 10 13 5 12 3 7 12 18 6 14 20 2 19 4 11 4
19 15 5 8 3 13 4 20 12 2 8 11 17 14 1 15 15 15 15 20 1 14 8 4 5 10 19 6 9 10 17 3 2 20 19 4 5 9 6 14
15 17 14 19 0 11 13 6 12 16 15 8 7 7 17 8 10 2 13 17 11 15 11 11 5 13 8 2 17 10 7 14 16 5 17 11 3 0 11 8
18 11 10 12 13 9 20 0 6 4 9 7 19 13 18 7 17 2 15 18 15 1 20 14 16 8 17 11 5 15 9 14 4 15 8 1 5 19 13 14
15 17 19 3 9 4 12 6 19 14 3 10 1 10 10 8 20 16 6 15 11 18 14 8 20 1 20 19 20 8 5 17 5 2 9 10 9 2 4 12
14 14 19 0 8 11 3 17 12 14 15 11 14 0 13 7 18 8 3 12 8 18 15 18 13 8 7 9 8 12 17 10 11 1 12 0 6 7 14 14
12 20 18 5 10 2 1 20 4 18 12 1 12 9 3 14 11 2 12 12 18 10 20 20 15 12 6 15 0 0 10 20 19 7 19 5 17 14 8 8
11 11 15 2 18 7 12 6 20 1 8 11 14 7 1 16 17 7 20 18 20 10 12 4 3 6 0 19 17 15 9 2 11 18 16 6 9 14 9 9
19 11 5 5 20 2 13 13 20 5 0 16 7 14 9 15 1 7 16 16 4 7 17 16 6 17 20 12 3 14 20 20 14 17 3 11 8 4 5 11
19 13 17 13 2 13 11 2 17 19 0 1 0 20 5 16 8 2 12 18 16 1 10 10 16 2 14 7 1 15 11 7 13 8 17 0 15 12 11 15
11 12 19 14 5 19 14 14 1 5 11 18 17 9 18 8 2 5 16 11 14 5 4 13 19 9 0 0 11 7 13 16 12 15 2 14 17 14 8 9
13 14 8 6 6 13 18 18 11 0 3 19 16 19 4 7 11 18 19 13 8 8 16 4 10 11 14 3 10 17 9 12 12 19 18 10 9 8 15 10
19 20 18 2 17 10 3 10 0 15 8 8 19 12 11 8 14 1 12 14 1 18 14 7 6 18 4 5 11 13 2 13 10 1 7 9 15 16 18 20
15 17 20 19 11 17 0 16 18 7 3 11 12 19 12 16 0 3 18 20 9 13 14 15 5 11 9 18 1 9 16 4 13 17 14 14 5 14 2 4
18 12 12 8 10 18 20 1 6 17 13 13 4 5 18 3 9 4 17 11 8 19 16 16 18 9 10 1 3 17 5 15 6 18 2 20 9 2 10 13
16 11 11 5 8 3 19 3 13 18 14 13 8 3 5 16 13 13 20 14 4 14 12 3 15 7 13 7 6 5 13 5 0 20 9 6 0 18 0 18
12 18 15 3 11 17 4 3 7 14 18 9 6 17 18 3 12 11 12 11 14 0 10 13 12 12 14 15 20 3 5 15 16 15 7 19 0 0 15 17
17 14 8 2 12 1 18 17 5 20 10 12 0 17 8 7 15 16 2 1 7 17 7 4 17 0 19 11 9 8 12 16 18 8 20 20 11 7 2 0
12 13 16 13 18 3 11 16 17 11 0 9 9 7 8 5 2 20 2 14 3 11 12 17 7 1 20 16 13 9 20 1 1 6 9 0 11 12 14 15
14 18 11 10 3 10 16 4 10 10 11 14 8 8 18 7 15 14 17 9 12 0 15 13 14 9 17 11 7 9 8 0 1 5 11 9 14 20 1 10
18 17 16 7 1 1 14 8 13 7 20 19 7 10 1 12 13 4 17 7 9 2 13 8 7 4 12 18 3 19 3 14 6 12 8 11 13 14 16 2
12 16 2 20 13 0 9 17 10 14 12 14 13 7 10 9 5 10 11 2 16 6 16 11 8 0 17 12 19 9 6 7 8 12 20 1 7 5 17 7
19 13 13 19 0 7 17 20 17 11 17 7 12 1 18 15 15 4 17 14 20 7 4 10 11 17 20 4 17 2 11 8 6 11 10 15 12 3 20 3
19 19 7 8 10 2 17 0 19 1 0 15 13 13 19 10 5 15 6 0 15 17 19 19 5 17 12 3 5 16 20 2 12 14 15 13 17 3 7 2
15 18 11 0 13 6 15 17 6 10 19 14 10 18 16 3 18 2 9 15 10 5 20 19 20 2 19 2 9 16 15 15 11 8 6 3 3 4 7 2
14 18 0 13 0 19 20 12 6 11 1 15 18 20 16 9 10 13 9 10 19 10 3 11 10 11 5 16 15 3 7 20 0 3 8 6 13 18 12 13
12 18 15 14 0 1 15 17 9 18 1 20 20 18 7 16 20 17 7 1 13 8 10 9 12 7 18 7 12 5 19 16 2 0 3 8 14 6 13 4
14 11 13 4 4 15 9 17 14 4 6 16 3 17 1 12 19 4 16 15 19 6 11 3 0 9 16 15 6 9 4 20 4 15 11 7 18 18 9 7
19 12 11 20 10 20 1 4 14 0 17 10 20 19 7 7 16 16 9 13 8 5 6 7 10 13 15 0 17 16 11 20 18 7 12 7 4 15 17 5
19 17 10 3 12 17 5 17 6 9 11 0 9 12 19 10 16 4 19 18 13 4 17 11 10 1 20 6 12 13 17 9 19 18 14 0 18 18 15 5
20 0 15 19 17 2 6 7 3 19 1 15 20 16 9 15 0 16 5 1 5 13 2 18 18 5 4 14 8 18 8 16 20 12 17 5 10 17 0 0
19 12 2 16 14 19 1 18 7 0 2 15 7 13 2 11 15 17 11 6 16 20 15 18 13 12 0 10 7 16 4 20 11 5 6 13 11 8 7 3
19 20 8 2 4 19 11 0 12 2 20 11 17 13 19 2 15 0 13 13 20 3 11 17 18 6 0 13 11 2 19 15 5 17 5 20 8 8 15 15
14 17 12 16 0 11 20 0 2 1 16 14 14 16 11 1 4 18 2 12 11 18 12 12 11 15 0 7 7 7 0 15 13 19 20 11 8 8 15 20
17 16 20 19 17 8 8 7 11 20 7 14 9 0 16 8 8 0 20 1 14 3 7 6 11 9 5 13 4 14 18 7 9 11 10 16 10 14 15 19
19 14 1 4 12 13 1 19 6 11 18 13 20 4 18 14 17 8 7 8 8 13 8 7 15 9 18 11 5 9 0 10 6 12 2 18 16 13 7 20
15 19 11 7 9 5 2 13 1 15 12 16 5 20 12 3 9 13 15 6 10 9 3 18 17 20 4 0 4 13 3 18 12 14 2 4 14 7 11 7
19 17 6 20 3 12 5 13 9 1 0 14 20 6 2 12 19 18 17 15 14 19 0 3 10 16 5 14 18 20 18 16 6 1 13 5 13 20 15 2
12 14 16 18 11 5 0 18 17 7 7 18 10 9 19 17 13 3 17 7 6 8 16 2 4 2 1 8 12 4 14 13 7 7 19 3 3 13 13 17
14 17 2 5 17 17 14 20 0 18 2 8 4 19 19 19 15 9 0 17 6 10 8 8 5 12 2 17 17 15 3 3 13 3 2 5 18 9 13 6
17 18 16 8 1 19 18 9 1 1 7 18 7 1 13 20 9 3 12 10 6 8 2 16 12 14 20 18 18 18 4 10 18 8 1 15 14 2 12 19
11 17 17 6 20 13 17 1 15 19 10 17 1 10 19 2 16 11 7 3 18 7 7 10 18 0 13 10 12 2 11 15 20 15 15 4 6 11 2 13
20 16 17 4 18 1 13 17 7 4 6 18 17 8 13 10 9 2 1 6 11 20 10 8 19 11 15 12 19 13 0 19 15 15 2 5 18 16 8 10
19 16 6 5 11 2 12 0 15 20 2 20 17 14 20 10 16 6 11 12 13 6 14 8 1 14 17 13 2 3 8 15 1 13 14 10 10 7 7 18
20 12 18 17 11 4 1 18 11 9 4 14 9 12 19 12 4 18 0 9 11 12 3 8 20 15 1 1 9 16 5 8 13 10 2 10 8 7 6 18
12 20 8 6 13 11 0 12 19 17 3 20 5 0 19 4 3 9 6 18 0 17 3 17 16 9 10 14 20 0 2 11 15 13 17 17 17 18 12 18
15 15 2 13 8 0 11 14 14 9 9 13 17 1 5 13 11 14 5 17 9 10 18 7 7 11 17 13 18 7 10 11 18 13 9 19 14 4 13 2
13 15 19 16 18 4 20 15 2 13 12 7 11 6 9 20 4 4 6 17 11 12 16 12 19 9 10 0 7 10 20 7 5 11 16 17 12 12 17 18
14 12 16 6 11 4 3 11 12 16 12 6 0 12 18 19 5 7 9 14 5 16 9 19 9 12 18 15 16 6 17 4 13 11 12 10 3 4 4 17
16 14 20 1 20 6 16 6 15 20 15 17 2 0 14 3 7 13 12 20 14 4 3 16 15 20 18 14 3 12 12 3 7 20 11 20 13 0 13 6
19 12 9 14 17 0 13 9 15 4 17 13 8 10 19 7 7 3 5 3 15 7 1 18 19 15 7 1 5 7 20 12 16 14 2 9 10 19 8 5
12 16 17 5 13 14 20 1 15 20 15 10 19 9 5 14 1 11 2 20 15 3 1 18 10 8 14 10 2 7 15 3 8 15 19 15 7 14 7 3
