10
11 16 16 0 11 7 17 0 15 19 13 0 19 15 16 14 11 20 12 0
17 17 16 19 17 10 4 10 19 12 16 6 3 8 6 2 14 19 11 1
16 15 12 11 13 12 12 3 12 16 13 12 8 3 6 0 8 12 12 6
12 14 17 17 9 16 11 15 15 20 1 5 6 8 3 1 6 6 8 16
15 11 0 14 16 0 12 12 12 15 9 6 10 14 6 9 12 20 20 18
20 6 18 13 16 5 7 13 17 7 20 12 13 17 4 8 18 4 12 12
19 17 4 17 0 19 19 0 15 10 19 10 20 15 2 14 10 1 3 2
19 17 8 19 14 0 8 7 14 2 7 6 13 10 4 19 12 10 8 9
13 14 14 4 15 13 18 16 0 13 17 2 8 11 0 12 0 12 0 11
12 12 16 6 15 13 13 14 14 3 3 19 5 11 5 20 19 2 15 9
