10
13 18 13 11 4 12 20 12 15 3 15 17 7 1 16 18 2 20 7 14
15 20 0 13 2 16 1 16 20 19 4 5 16 17 1 2 0 16 11 2
20 10 8 10 13 19 3 19 15 0 6 12 8 1 7 15 15 19 8 17
20 10 1 10 9 11 11 17 10 9 15 9 15 8 7 9 0 17 20 9
12 15 16 17 11 15 15 1 19 12 10 5 14 0 9 15 12 12 20 6
18 12 7 16 20 8 13 6 16 2 7 16 3 10 11 3 4 8 15 12
14 17 10 11 11 7 4 9 4 17 19 8 3 20 8 9 18 1 8 1
14 19 13 0 8 19 9 13 15 5 1 12 15 18 13 20 8 15 0 13
17 16 9 3 18 1 16 19 6 5 7 18 15 11 2 1 3 18 19 15
11 14 13 13 9 5 1 12 16 14 14 6 9 3 18 18 8 11 10 5
