100
97 72 11 -32 -30 81 -37 -63 10 88 46 76 -86 89 -94 50 59 -99 -53 -46 -96 44 43 60 31 19 5 -39 -58 45 -69 22 -30 49 -14 15 20 -42 -64 6 68 -90 89 -37 -78 74 -40 94 52 78 81 -57 46 56 -79 31 72 21 62 -62 -36 -60 84 -79 -83 -82 -14 95 -17 93 -50 37 -60 2 -51 48 -96 86 45 -37 65 -65 91 -51 -95 -62 4 5 49 6 73 30 -44 34 95 -97 -66 21 -98 -75
88 46 84 -76 -93 -38 29 35 -54 55 -10 4 15 -45 10 86 -68 78 98 38 24 -92 -20 -88 -42 -59 38 63 -99 82 13 79 48 -44 56 -50 76 48 -10 22 83 40 -18 99 59 98 89 97 25 -22 -98 -81 10 85 60 -35 87 -47 12 47 91 52 74 23 -21 -59 -87 69 13 2 -34 -42 -74 76 -28 -22 -44 -24 -24 57 75 -40 2 -74 80 -46 -1 -21 -86 -28 -65 22 -63 18 -23 -88 51 -76 -60 -77
66 58 61 2 -75 -63 63 45 78 29 64 61 -23 -86 -59 -99 -96 59 8 75 -39 -100 -19 17 82 61 -86 91 -94 90 10 -4 -94 89 18 84 66 -58 80 93 -87 17 -96 -85 -84 9 -62 29 30 -97 87 -47 -68 20 98 21 -83 44 20 49 64 -72 12 -4 19 87 98 58 -72 69 -1 -2 -99 89 6 96 98 -94 19 61 16 -8 -87 -2 18 50 69 30 94 -79 -8 73 -40 -26 11 9 -24 95 18 72
58 94 -72 4 -39 31 -39 7 65 -12 -36 10 -61 17 85 -17 97 36 -76 -61 86 84 -82 -90 -6 -47 66 -64 87 -86 49 91 -71 28 -81 29 71 17 5 94 -19 50 2 -11 -16 -96 64 -20 49 61 59 61 -64 50 58 79 -54 68 -33 -22 18 -22 -37 -14 -31 91 -84 37 -28 63 -61 -78 11 -43 -56 -43 -76 23 81 -53 7 -91 -96 79 -99 51 72 12 33 47 16 19 94 78 3 -42 16 -56 83 -29
44 45 -33 66 -18 -73 86 -23 -17 70 -27 41 63 -16 50 -18 40 61 63 -43 74 -56 -70 48 6 -72 83 -90 -80 -88 5 43 -42 16 -17 73 67 -7 -50 84 -59 93 -71 -98 78 96 61 14 -64 -65 -65 -73 -41 23 45 50 12 31 46 62 -33 33 25 30 -8 77 -45 95 -76 -57 -52 69 -22 85 83 6 82 -65 27 -8 6 44 -86 -51 -41 -92 -67 60 -60 94 -58 60 2 89 -90 11 -46 9 51 -43
27 91 -31 -2 80 30 -94 73 -13 7 5 41 28 55 -59 -42 91 57 -95 -72 71 26 70 79 -6 -39 89 -74 51 84 1 -46 66 -51 -88 43 -75 92 4 -92 -39 30 94 -76 -80 -100 -83 84 45 39 -86 -86 66 14 19 -76 18 -49 68 -82 0 -80 14 55 44 55 -88 -47 -1 70 28 -29 -73 40 -2 -63 96 88 27 5 24 24 60 46 -75 -87 94 37 -67 -43 -41 39 10 -34 -4 52 -65 26 63 -49
33 17 85 -85 48 53 62 -82 57 -2 -60 7 -59 11 28 14 21 -38 -29 55 -1 82 13 -79 47 59 -34 88 -10 -36 -45 -94 81 80 -70 -91 -76 37 -60 45 33 13 -71 98 32 -15 60 78 -79 -79 -63 55 98 -15 85 -33 86 -37 -99 -35 66 77 -87 28 -42 27 -3 72 52 53 77 -77 -93 31 -77 -78 -53 -83 48 17 12 -82 17 90 -84 58 -51 100 54 58 32 -42 -78 -43 36 -34 -19 -30 -58 53
1 57 10 69 97 43 84 95 -99 -58 50 78 -92 76 42 -35 16 5 18 38 23 26 44 -33 -33 94 -81 60 -89 71 36 92 53 -16 -74 62 84 -71 -7 23 73 98 -82 37 -60 -24 -91 -21 -60 -35 -98 81 57 -18 33 53 58 33 96 -13 -19 -79 97 7 25 -58 92 -39 -44 -25 19 62 -97 18 46 99 -19 -50 -100 -74 -83 47 77 13 91 -52 -28 3 -67 -2 -88 -86 81 46 -45 70 -57 -74 -17 -57
30 40 -45 32 -2 -30 -6 29 -19 36 91 -72 51 -55 -79 71 58 -17 48 25 -84 77 -63 67 -45 1 -91 13 58 -62 17 68 14 -79 29 -60 76 -50 -25 43 -39 -13 48 60 -100 35 20 11 90 50 94 -32 -69 -100 48 57 -71 -34 -61 -35 10 10 18 15 67 42 -76 35 66 -9 38 17 -93 -83 -65 16 -9 -1 19 93 97 -88 -1 7 -7 16 -45 -22 -68 33 94 -10 -57 97 -76 64 31 33 -68 -29
50 -24 25 97 73 34 21 41 -87 -22 70 -42 -30 -90 21 45 -93 68 67 95 79 13 73 81 98 -21 -84 28 -59 5 -42 -30 84 -25 -35 -81 -31 98 42 65 -11 59 57 -15 -37 68 86 42 19 -7 -52 77 32 -44 -38 -12 -51 16 -64 -49 -4 29 -94 96 -8 73 74 4 -15 93 53 74 85 -68 -89 -2 -1 -36 -44 -40 -74 90 -4 -92 -69 74 33 -94 35 72 -17 -84 -61 36 20 51 -72 -45 -95 98
73 -30 60 -65 12 68 -33 37 53 -9 -38 60 -44 -79 75 -38 -77 39 80 -53 47 -76 95 45 -18 9 -73 -27 97 7 -68 17 58 5 32 -55 -77 -26 -28 86 -75 94 64 -86 25 95 -97 -44 46 47 65 -70 35 92 99 63 -97 5 -13 57 86 -87 89 83 -97 23 75 66 -14 -98 -49 60 -95 29 -42 -55 -51 23 -96 22 50 -5 -19 -25 29 43 -27 -62 68 81 10 -93 93 37 32 55 46 83 -77 10
22 94 -15 94 99 -80 55 -65 32 -62 72 11 67 86 12 -22 -58 69 99 -81 9 -37 18 -43 -53 -16 -54 63 -23 -68 -43 -63 -51 -48 14 74 -51 23 93 85 -91 38 -37 6 -93 -77 2 66 -65 81 95 40 -50 -39 -98 -31 83 -11 -6 -27 49 67 -70 -2 59 -42 58 -74 -60 84 -55 -32 64 -23 59 -4 64 -48 -16 -29 -22 84 -88 45 -6 37 14 -8 59 -19 -86 -60 80 96 58 14 97 -27 95 -52
13 52 73 0 13 84 11 51 -75 4 86 9 -26 -26 -78 -80 6 92 -100 -29 7 -73 83 -89 22 74 1 -91 76 14 64 30 -33 -94 -64 46 66 -37 -11 -69 46 -38 90 48 80 45 -12 -94 84 89 -43 73 -95 -48 10 -98 59 -77 86 -44 -51 -70 10 53 10 -48 60 39 57 -33 -75 -87 73 -66 80 -36 -42 93 -79 49 58 25 -2 64 -61 63 -97 48 -2 -79 -37 54 86 -32 -63 -8 52 -89 -4 -49
94 -85 78 89 -55 68 28 5 88 -31 32 97 76 -14 74 -94 19 61 -100 -80 -64 -35 5 78 12 52 -24 -48 -32 -18 21 16 15 -17 -13 89 73 30 -36 55 64 4 -19 -89 69 49 -59 15 48 -1 -79 -95 -35 -47 9 -100 44 -97 -32 88 -38 3 93 -85 -20 -56 -36 93 17 65 -11 15 13 59 15 13 -1 81 -38 53 46 2 -100 58 -46 70 -44 -9 83 91 -51 67 -97 21 72 73 90 98 -41 78
80 -9 63 -74 45 87 -90 -21 -32 16 74 22 39 -95 60 -67 43 -52 -3 -21 82 -35 99 35 22 6 -99 17 59 57 -10 40 -3 -77 -89 10 -48 -67 32 -15 59 -81 86 47 -79 -62 61 -9 -77 70 51 -23 20 35 18 -45 30 78 -76 83 13 -12 -100 -35 -45 -24 67 65 -17 -51 58 44 28 -36 -23 -56 88 -48 -18 22 69 84 50 23 -37 -31 3 27 84 -44 24 -60 -80 71 -59 2 56 -87 52 -54
7 61 44 23 -14 -95 51 -48 66 99 56 -51 43 -36 37 69 19 5 -19 1 95 -99 41 -75 -37 -60 -90 87 22 -73 98 -13 88 -85 2 -45 -20 -65 -43 -11 69 86 7 -23 -94 27 3 79 9 -34 97 -67 -97 -87 50 -7 10 94 -15 -69 99 91 -16 99 87 26 4 -33 -36 -36 -78 -42 72 -84 -64 31 34 79 18 -8 51 57 40 -15 88 46 -84 -82 35 50 -58 -74 4 78 -5 -59 38 -32 -77 -4
70 27 -7 -37 -9 45 90 7 -69 33 45 -76 28 67 -71 96 94 20 -68 -37 88 87 -34 72 62 -55 14 -36 -14 -78 89 -51 -12 7 5 -82 99 -37 76 22 85 -57 -2 -37 26 -41 63 33 2 -15 86 -88 14 0 68 86 -75 42 -83 34 -96 78 62 -37 -77 -20 -15 -100 -91 -82 16 -34 39 94 -7 -56 49 -41 89 14 59 63 7 -1 -74 43 31 81 34 44 -18 7 -100 -27 11 -38 69 31 -81 -56
76 21 63 98 -3 -2 -95 41 55 -6 59 -47 -51 53 74 -12 -4 -56 65 -3 70 35 -86 25 68 -43 11 5 86 -8 -16 50 -55 -75 68 88 81 47 -76 -87 48 95 7 76 -35 -58 -91 -3 -81 -14 -19 -70 37 -35 17 -64 34 7 92 53 90 -66 12 34 36 13 -14 63 52 -23 54 -2 -62 -46 -5 -2 20 -9 -86 90 -22 -16 -100 16 67 -63 -42 88 -99 68 -12 -72 56 -13 31 65 -12 60 -88 -37
47 33 28 91 0 15 62 49 34 -14 40 21 -15 -59 -68 69 37 -40 81 95 76 8 84 63 -95 -53 99 80 81 71 22 94 -5 -25 37 13 27 60 93 -3 -16 -32 46 -25 -73 -12 -78 -8 -36 8 1 4 -77 11 -3 -43 66 -83 -72 79 -85 -47 -96 17 9 84 -4 -75 -33 43 -26 16 -82 20 -5 -9 72 16 -72 -77 16 -3 71 51 -86 -46 -24 59 -92 -4 -20 26 -21 -16 56 -77 29 -24 -87 54
91 -14 6 71 50 94 -66 -20 -27 -40 5 -88 71 -17 63 9 98 -94 50 -66 -37 40 -7 -84 -22 21 44 -74 24 42 81 -92 41 -88 69 -62 61 -30 -83 60 7 17 43 89 -26 9 -10 -52 -98 85 -57 50 22 -71 -21 55 25 38 -56 -76 48 -94 15 89 33 -2 7 -33 72 -42 93 -24 -21 -56 71 -92 17 30 97 -15 -75 5 19 73 -56 87 19 56 -80 98 -53 -58 -56 -54 -37 -66 78 -72 -9 53
86 90 31 13 -62 -98 -34 -18 98 -97 42 69 -73 81 -17 -41 -1 0 -9 24 65 -33 67 -23 -41 -58 22 -58 25 98 2 -60 87 -40 -45 91 19 5 3 79 16 -16 -48 7 -7 -69 19 -93 88 2 28 -26 -53 63 -66 73 -8 -23 82 66 -96 69 95 -97 53 -26 -68 29 -6 43 -88 22 81 -14 71 88 56 -71 -27 -27 -31 -62 -3 89 -48 -12 46 80 74 -19 58 91 0 -51 -41 46 -39 28 78 -77
8 51 26 -63 4 79 15 -65 89 -61 -58 81 37 95 -13 48 -56 70 57 28 82 -72 -8 -42 -87 60 65 5 94 93 21 -44 29 -76 -73 95 49 -6 85 67 -72 43 33 -72 -22 36 -13 32 83 76 24 -53 -89 -51 -49 62 -12 -33 -56 95 -68 82 69 -9 -87 77 -17 -29 -41 21 97 33 89 69 76 -19 85 20 72 -38 -72 35 60 -67 13 -78 50 42 -41 2 -93 -79 21 -65 -92 13 -4 53 -23 -77
45 69 -27 97 -88 64 78 -13 40 50 -75 86 94 -4 82 -1 97 38 -82 -33 -38 -92 -6 40 -75 -24 19 33 -60 33 -47 68 73 60 14 16 57 71 67 15 93 -24 -42 48 52 27 -95 -81 -7 -15 75 -61 57 10 45 77 -72 27 59 -15 48 -30 79 -63 -81 38 40 5 31 88 -71 -55 -98 -79 3 -5 68 -18 -1 -44 90 -39 -5 -22 85 82 3 80 -13 68 96 -27 -87 8 2 56 -13 -78 -63 6
19 81 56 -42 52 -80 -18 100 89 -13 47 35 -80 -10 13 3 -18 12 -29 86 61 -20 93 -59 -11 28 39 -8 -89 -42 -56 -93 -61 -33 -3 81 29 -50 -75 69 33 -8 -77 55 12 97 -41 85 51 -34 -48 -18 -10 -4 -41 18 -63 -51 19 2 22 10 37 78 40 56 -10 91 -98 20 95 -98 -31 44 -27 82 93 27 4 -71 -41 78 -38 83 -75 -17 -45 -91 -73 -8 86 -25 -23 66 17 63 -89 -88 -73 13
70 98 -28 29 -65 40 25 26 -41 68 46 -80 -80 1 -62 8 34 -64 98 34 71 22 59 -1 -71 92 -10 28 44 48 16 -84 -34 58 -92 -55 79 -40 -95 28 -1 16 -48 76 29 -34 88 64 -8 59 92 43 56 -95 -76 15 -71 -60 99 25 -13 -18 -64 -45 -82 -64 86 33 -22 -6 61 48 31 -44 -71 55 52 64 -79 -57 7 15 71 24 15 -52 39 -23 -17 -80 -30 -45 44 21 95 89 -41 -17 -41 66
20 31 62 -20 -71 27 94 69 70 -20 40 74 -26 76 -63 77 67 -47 57 -43 -5 -100 -61 -13 15 -75 57 42 88 -8 9 -73 61 47 -5 52 99 -15 60 70 52 63 46 69 20 6 43 -11 73 94 4 22 -63 56 15 6 -4 77 -25 86 -43 -39 -17 77 -55 -98 7 97 -67 64 -57 -89 87 23 31 -24 78 50 -59 30 -46 -40 -28 28 -47 -62 17 87 9 -39 92 8 -79 56 38 -23 91 -10 25 44
56 18 95 -63 -36 -41 51 13 36 -55 -73 59 20 20 30 32 14 -79 -55 52 -87 56 78 -81 -24 60 -93 85 81 -17 -34 -4 -37 47 97 -72 -39 58 -55 67 18 80 -71 66 -42 -55 2 -87 -47 76 -31 58 29 -46 31 -77 20 -97 96 -73 -4 99 -90 -22 46 72 -98 73 -87 64 3 32 -53 73 -9 93 70 22 85 -71 -49 30 47 -7 1 1 98 11 -31 -56 -77 87 -17 57 -57 -96 -35 35 -30 91
7 56 70 77 2 -31 -30 22 -30 93 -58 -77 92 -35 8 39 -40 -76 -13 9 40 -61 -2 -50 53 52 65 -87 31 -11 -85 93 -6 -11 -52 -30 21 -29 50 29 -29 -5 77 6 -88 13 -26 74 16 55 -58 -60 86 -99 -56 19 65 95 -26 -10 25 -33 -9 -86 -39 17 52 -66 95 -53 -16 57 -57 32 64 -85 -14 8 35 81 -8 -32 -80 97 40 -11 11 11 -80 77 11 12 -34 -25 -71 -28 36 79 32 -48
33 -21 66 20 -94 57 -53 69 95 -20 15 -77 -10 -40 42 68 -4 -77 12 -60 35 53 82 -8 9 80 -8 -27 29 -39 -43 -35 -88 89 -2 -1 -91 -41 65 93 95 -80 -50 -57 83 -85 83 72 -93 -99 29 -29 0 84 -18 84 -61 7 91 17 -8 9 -5 57 -23 46 27 -31 48 90 -45 -38 -19 72 90 5 64 71 27 2 50 -29 98 -90 40 53 -42 45 47 -7 -48 35 -91 36 -72 -28 -26 95 -78 94
73 -32 -15 97 -84 -32 56 70 28 76 -48 98 73 94 82 -79 58 -26 -62 40 -85 25 98 -80 65 -32 -15 -12 51 -92 -2 14 99 -49 -85 -1 36 71 86 -23 -21 67 -22 -38 -44 -69 -36 77 33 -63 -90 -4 -29 46 36 -67 -5 21 83 -4 -78 -97 -14 58 -11 -1 84 -73 8 26 20 87 -72 18 29 -80 95 99 -76 -88 -5 -10 79 -69 -15 -61 -95 -64 3 70 44 -42 -55 -72 27 91 -60 -37 85 -80
50 93 -56 92 -2 26 47 -39 22 82 24 -49 -4 73 14 96 -16 56 57 -6 4 10 65 99 45 -60 -37 -35 30 -76 -66 95 31 96 -30 -64 -46 -62 -90 -54 -91 36 39 52 10 72 85 -74 88 17 73 -48 -91 -59 1 8 -31 -8 -16 -90 -78 -14 -11 -15 -7 -85 9 -72 -85 77 -34 83 52 -71 90 -78 -24 -71 91 -3 -16 11 34 -76 99 33 -82 74 69 -58 83 -24 92 -97 18 25 71 -19 -78 46
10 48 77 -49 43 -23 -95 53 86 55 -89 51 -61 -43 95 -31 44 -23 22 75 -88 -53 31 -92 40 28 -45 7 -24 96 -2 11 -64 -82 80 91 56 37 2 -39 -94 -91 5 25 -4 -38 59 -55 -35 54 -36 9 -22 -1 8 54 -17 -15 36 -46 62 -87 32 83 -46 -52 99 -43 63 -60 -27 -54 3 68 -28 74 15 -20 16 72 -22 -10 -91 54 72 -52 41 -32 75 98 7 83 -44 24 43 83 89 61 -10 -30
69 63 -14 -90 0 67 -73 -21 43 45 34 46 46 -57 -26 -41 -75 49 96 12 -68 29 -50 -43 3 98 41 33 31 -30 19 30 88 -18 -96 -65 26 79 48 -39 -36 5 -70 -46 -95 -30 25 55 -22 78 -22 -4 8 37 12 -24 43 -84 -80 32 61 68 -47 -69 -48 96 39 84 -34 -69 45 49 88 47 77 -52 -19 -65 -2 -81 26 76 66 -24 58 97 -7 35 5 -66 12 29 83 32 -66 43 -77 52 -21 -49
80 -18 89 3 65 2 -39 -34 22 1 -19 46 -20 -65 38 -6 -20 -57 37 -37 80 70 33 -65 11 40 36 22 -2 -57 -8 -38 53 48 -27 5 38 -24 -55 11 -40 49 -67 -15 8 47 -60 97 52 56 47 65 -29 -58 65 58 -25 20 -49 97 13 -20 -34 92 -87 -80 -33 35 16 -14 -17 -1 -22 -14 -20 42 -83 -50 39 -95 69 64 -73 -94 -76 -14 -98 18 98 -55 -54 29 75 43 -83 45 -64 36 98 -77
7 32 75 -11 11 33 -75 42 -84 59 -55 39 12 -16 17 -28 -42 -12 74 77 81 51 -41 -53 77 -83 69 -82 92 80 -97 71 75 -49 -43 -16 -1 79 -75 27 -20 5 56 -85 12 33 -89 44 11 -89 42 -44 -80 0 -66 18 76 -14 29 38 -12 -77 87 4 -34 -17 -98 91 9 -62 67 34 -31 59 44 -67 -15 -68 -70 55 72 11 -91 11 -60 77 62 -8 52 54 -64 -46 -16 -34 -63 -32 80 39 -58 96
22 -22 24 51 -40 79 16 -53 87 -7 76 8 36 -17 -79 -13 85 38 45 -44 -87 17 -35 27 -99 4 -15 -92 94 -83 34 39 -25 -26 41 1 40 -95 45 -76 58 -31 57 -50 -7 41 64 37 -69 37 -53 10 73 83 85 -92 18 35 -46 27 -86 30 17 -28 -28 -83 -98 71 33 40 -27 35 -21 -98 97 -52 25 47 18 -20 -9 -46 -7 30 -89 68 -21 -72 92 2 25 -83 -30 24 24 91 -84 -53 58 97
44 -37 30 63 45 56 -71 39 -57 16 36 85 -8 -10 64 3 11 -18 -47 64 -60 27 94 68 -49 -65 11 -62 26 -21 -57 -6 -53 -64 -28 -23 78 -33 -77 57 9 -13 81 -69 -5 -69 65 1 22 -64 38 -17 19 92 84 41 69 -55 76 98 -10 41 0 -5 -93 -72 -56 -45 -47 -51 51 -87 69 -3 98 10 42 26 66 -96 -74 57 -86 47 -66 -75 -87 65 80 -41 94 94 -31 -36 97 22 25 14 60 -82
53 38 -11 8 -26 22 90 70 -35 2 76 0 9 50 33 -46 -36 -58 -84 -26 -13 38 -14 -61 -65 45 53 -80 47 15 -36 -33 51 -18 95 8 -81 25 59 61 7 82 -88 -60 -91 83 -32 -34 45 -38 67 12 -76 34 42 95 -27 7 -67 -12 -71 25 42 13 -30 49 -38 10 -20 -30 70 48 -93 85 -54 -68 -51 73 -39 -80 25 64 91 -79 -88 -25 70 -14 17 82 24 -60 -56 89 94 -50 -11 -68 -14 -76
20 50 89 60 -34 82 60 -87 -37 -32 70 77 10 22 -35 -41 -93 -4 30 64 -5 -51 -19 -59 -26 80 26 30 -89 -46 -52 68 23 20 68 -37 -62 98 84 16 73 91 41 -72 11 -2 -81 -23 -61 21 54 39 65 -86 -54 34 37 66 -24 90 -75 11 -41 72 63 46 76 67 21 76 -81 -48 -30 27 0 -54 33 -18 67 47 48 72 -82 93 25 -23 62 22 73 1 -13 -35 82 47 87 -2 -68 50 80 17
66 53 -47 62 -84 76 -27 43 32 -70 8 87 -86 9 -77 82 -27 55 -89 18 16 78 21 -43 95 -54 54 15 45 -41 89 84 -66 70 48 88 16 -20 16 -95 1 49 98 -92 71 35 95 -46 -68 -20 -70 -84 -61 90 70 -99 73 29 -75 85 8 -82 -13 -99 -8 -89 5 1 -42 12 -58 55 -26 30 52 -23 -74 -91 -48 -44 0 -1 56 -13 -26 53 78 16 84 35 84 2 -68 65 -88 -55 -92 -99 33 31
64 80 -82 10 -72 10 96 -51 36 62 14 -75 -58 84 -25 -52 95 44 -69 48 -16 -47 -65 63 -62 51 32 -21 59 26 -31 24 52 -6 -90 19 32 0 -25 -23 33 -82 48 -49 49 56 35 -87 -93 21 -44 72 93 15 -46 74 -44 43 -76 -59 -87 82 -67 65 13 -8 96 -6 77 15 -48 18 22 -34 86 -91 33 71 -70 87 -68 -50 -57 76 -31 72 -42 39 -83 31 -10 47 7 50 15 -96 7 -73 44 64
48 -26 92 -48 -20 89 -30 26 35 -70 -55 94 63 71 -40 4 81 84 -50 91 -75 40 63 -68 -72 -46 -22 -9 -83 17 66 -28 -65 32 86 -74 -4 68 82 38 85 -11 -2 -33 -19 -4 8 18 -48 81 -89 -75 -86 26 -46 64 4 17 41 -45 -97 -66 -66 6 15 8 77 55 98 60 -88 -70 -3 93 -56 14 33 -67 55 -20 8 25 33 57 -28 -10 -78 47 45 -29 -38 64 -95 79 -59 -46 65 -23 62 37
45 70 -15 26 19 51 -67 75 49 52 -15 -28 -57 -70 -43 -38 -21 79 98 -75 -63 2 20 -39 29 86 -64 -22 -60 71 17 37 26 -28 -53 -61 33 64 -92 57 -35 -37 87 -99 83 46 -31 -38 -15 59 26 94 68 34 64 -5 29 73 99 -55 -4 25 -80 43 -56 -32 -87 80 -54 11 5 -35 -75 45 60 -87 -35 37 22 -40 96 -34 -3 89 -25 46 75 29 3 95 -90 -83 -9 -31 16 19 -58 1 39 -36
82 -13 -57 44 -48 71 63 -98 3 -2 54 -51 -14 39 -64 61 -29 -9 0 52 -18 -1 36 14 -37 -48 35 75 49 -65 -13 96 18 98 64 -11 17 -49 46 3 83 -8 -99 -7 -44 -13 44 -68 74 60 -12 -10 60 -45 62 77 -55 67 -39 14 -69 57 -58 -19 73 -66 28 -36 -19 92 41 -29 19 27 -3 14 36 81 66 97 96 95 -84 -42 -76 -17 -64 -10 95 -43 49 63 17 -82 62 12 -54 -43 -3 -50
34 87 96 -2 -94 94 80 91 57 36 -60 66 -49 -20 -32 -57 4 -88 93 -86 -59 11 -62 48 -71 68 44 8 -78 8 67 -70 -46 85 27 -93 65 -8 86 -15 -7 74 -26 -49 -53 -70 -27 10 -29 -21 26 34 -63 -30 60 21 64 2 -72 91 -10 40 82 -24 84 77 69 90 -44 9 59 -22 -94 -92 -17 40 -83 -93 -96 79 16 -8 46 -80 -76 16 -41 77 87 41 25 -91 97 -48 -61 40 22 39 34 4
32 5 94 -31 -100 67 25 27 -70 66 55 59 24 -35 51 34 -14 73 -78 88 -84 -16 1 -51 -49 -51 -8 -98 25 5 93 71 9 -93 -45 -57 69 -80 52 94 84 -62 82 -17 55 39 3 -84 38 -45 -70 -91 -26 8 15 45 -26 51 67 59 -61 -57 -58 -82 6 -29 63 78 -74 43 58 68 -5 -62 -84 -16 94 -1 -93 41 -23 -86 52 -36 56 79 65 -25 98 -75 -88 92 61 -28 -97 -96 12 -23 11 15
5 28 64 -60 -10 55 57 -43 48 -67 -66 85 -62 39 26 50 -18 -62 81 -26 83 7 27 93 47 25 54 85 -30 -23 -34 91 -99 -93 40 -36 1 -21 -89 81 73 43 -52 -48 68 37 15 68 -32 -7 78 -21 -17 -66 43 -14 67 -95 -68 67 -73 -66 -11 -11 -47 -34 57 -66 86 -24 -11 55 73 -8 99 93 -2 -87 97 13 54 -37 -49 -61 -87 78 34 88 -76 38 88 50 72 -20 -13 -69 -29 -6 61 94
13 45 31 23 69 -22 -60 -33 85 68 4 -46 77 -93 -76 -7 -15 -61 35 -12 41 94 16 -48 -60 79 25 96 -48 -33 27 6 17 4 -12 -96 79 71 81 -20 28 -25 -44 72 -89 -31 -82 -24 -42 99 70 -56 2 -82 48 2 48 54 -34 72 -37 43 57 -77 54 -63 -94 -18 82 -33 26 26 74 40 -43 47 -93 88 14 3 55 85 99 63 3 67 -92 -12 -30 84 56 65 85 17 16 -61 38 2 6 -67
91 5 -34 -19 49 8 18 -6 46 60 -35 -94 -63 -11 59 -16 41 -36 77 98 -5 -19 -28 30 -66 70 -15 31 30 -56 35 -4 90 34 -70 -38 -34 -66 89 82 -88 70 9 -88 9 -30 -79 34 -14 84 -9 89 -3 -12 -94 -34 5 0 12 -25 78 -52 39 96 -6 -61 64 -12 41 -99 81 18 -22 -64 -52 55 88 -50 60 5 32 66 0 95 21 -29 -1 43 21 4 76 -28 63 -38 91 -20 5 -52 -74 43
11 70 -79 70 26 7 -33 -6 53 -16 90 -100 51 -37 40 30 67 -90 -2 98 71 42 -94 38 -67 59 -68 -11 21 95 -73 -56 -28 -54 -82 87 92 45 2 15 -23 -46 -93 40 84 83 72 -26 92 56 -94 38 -33 61 -69 92 10 -74 5 -98 37 76 82 90 -32 -42 35 12 -81 20 31 40 -3 -60 62 -10 -16 -16 28 11 -10 35 3 -56 31 -55 -6 -93 31 -33 1 76 65 50 92 84 39 -61 -56 10
92 -79 26 70 -36 93 15 1 -92 91 -70 36 -94 -3 -25 36 60 72 -15 53 -42 -9 -32 63 73 76 -37 72 3 -36 -48 -12 11 40 -34 -7 4 99 63 -10 -100 -8 88 80 87 -37 96 -26 35 -94 50 42 80 83 -31 -20 38 -27 -25 -33 -100 -40 92 28 93 66 65 63 -55 -61 -34 -40 97 -58 34 -49 28 -14 32 -33 -28 8 74 -66 -3 -79 75 8 69 -28 -17 62 -29 3 68 24 44 -63 2 63
31 -13 39 -50 52 49 50 4 -17 10 51 58 -38 25 95 -9 2 -78 4 -74 -87 -81 77 -31 88 -92 71 8 59 22 83 -51 -38 21 -79 48 -52 -77 82 43 98 -81 57 -38 0 95 57 -28 -19 46 -87 -39 53 45 -97 40 86 -20 -4 -33 80 -49 -83 -81 3 40 -49 57 -15 15 -89 21 28 -12 -83 -25 9 -57 64 11 -1 28 -90 -11 99 93 -76 -30 35 -87 -40 47 0 17 84 0 -15 -96 14 76
51 -28 79 1 -39 89 -93 93 94 43 -69 12 3 -50 -2 -3 -82 -33 -2 22 -63 -23 59 93 -88 59 -18 -7 -89 72 -73 14 68 66 -92 -63 45 94 11 -32 7 -19 9 53 -50 46 -50 91 18 -63 62 -99 -14 70 -94 96 70 -18 -46 -77 -48 -13 91 -10 80 -68 -83 32 56 90 -70 -45 -84 75 -9 -38 -39 85 -46 -66 -1 79 -75 25 -8 45 49 42 -87 -24 86 -24 -60 77 -70 -50 61 13 87 97
24 -4 -13 30 82 2 2 -45 -14 19 13 37 -95 31 -44 98 51 -49 75 -63 20 -73 -74 50 -31 61 64 6 -70 9 -96 23 57 -22 7 41 82 -85 82 -14 85 10 -75 94 46 46 -67 -18 67 44 22 -7 -14 -17 25 -78 -70 73 -65 -60 33 30 93 -70 31 2 49 -1 -45 47 -24 -63 66 85 72 31 -17 -91 39 34 -16 -8 -51 68 -80 35 -81 -60 -47 -69 84 -30 -1 -14 68 -64 34 21 -7 13
100 -58 -28 96 -88 72 13 -78 77 -86 98 39 -99 73 -38 89 -65 -76 -17 33 62 16 -69 -44 38 95 40 49 69 61 -18 -52 -41 45 62 -26 -40 -84 0 95 -80 -3 -44 89 1 -66 26 -30 18 -41 -95 5 -32 -16 -29 27 -28 82 13 -41 -67 63 -21 62 -60 -16 -25 45 2 -9 65 34 -33 41 9 -37 -75 63 -76 51 -1 -27 79 34 69 -23 67 41 47 60 -98 16 -4 82 -80 65 -65 66 -93 -13
50 69 -62 68 5 69 -67 8 -7 -24 -97 45 -5 95 -6 34 43 -4 21 -33 2 3 30 -96 -99 81 -1 -98 17 48 91 -90 23 -17 75 -95 93 9 -61 96 22 -91 -8 -18 51 -79 98 64 74 53 -37 64 47 -67 23 -38 17 25 26 43 71 78 -24 -25 -45 87 12 21 96 50 42 27 -84 -19 24 -86 -37 -94 81 -4 21 70 56 95 45 -93 -64 90 -47 38 92 -51 -34 72 0 -98 11 14 -94 27
67 -47 73 -55 54 -64 45 96 -32 42 -54 70 17 -85 50 -52 18 85 -6 -73 -93 100 94 -83 99 91 73 47 96 -66 72 -3 37 -96 -27 38 36 -73 -80 -52 -60 45 95 36 75 52 93 -40 12 49 -11 88 44 43 -39 -96 99 -22 73 -62 51 41 34 61 80 90 -3 -58 64 -96 0 33 82 -91 -59 45 -38 36 75 60 33 -68 -20 30 48 -5 30 -99 -71 -12 -16 -46 -95 -34 -40 79 28 -55 76 66
33 36 -11 75 -42 -14 -33 -29 68 85 -92 24 -86 53 72 -98 -6 4 87 28 51 69 57 84 43 -14 -51 12 -15 -63 -32 42 -22 -96 -26 45 -98 -1 -20 87 68 77 -14 -72 70 -52 86 -61 18 -79 -56 33 97 99 79 0 12 -61 10 -45 -86 -67 44 -8 -4 99 -85 -42 -41 -47 93 -6 -67 -78 89 -79 -66 89 -83 98 18 -64 -35 -23 -4 32 -8 98 26 -97 41 -47 -88 87 -14 -17 93 -80 51 -3
91 31 50 32 90 -57 57 -56 35 -38 70 51 72 -5 -9 25 -61 28 -48 -82 49 -7 83 4 -85 -90 8 96 40 39 59 12 35 -40 59 78 -76 -90 -85 42 92 -83 97 61 52 -83 -67 -54 28 -39 6 -6 27 -70 60 -24 -88 19 -8 67 61 39 51 77 52 -59 1 -42 -100 87 31 -51 -78 -1 17 -63 3 30 -70 83 -1 -63 87 -41 -39 -23 -78 78 -49 66 -67 -39 -80 -17 75 85 53 19 39 -58
49 82 -91 88 59 -19 92 -29 -23 -53 -36 90 99 -25 74 15 -71 -77 -31 -92 74 7 72 53 -57 79 46 -38 -33 19 57 38 32 -21 6 -81 -41 -66 34 70 -82 59 55 -98 27 87 -68 -34 73 -95 -29 -62 -6 60 91 -9 43 -10 6 28 64 -13 2 -10 -68 -3 63 -10 52 -79 44 15 -2 -100 -96 -88 -1 -52 31 8 47 -9 13 -43 -53 -97 10 93 75 76 -78 55 -84 92 -89 77 -99 86 -57 -80
59 76 33 45 -90 89 73 40 94 -72 -19 -17 -87 -41 94 -34 46 23 37 -80 83 -66 -33 -48 80 -7 -95 -44 69 75 72 -97 -79 21 -63 52 -72 -17 71 -37 41 -11 -75 -51 77 22 69 84 46 -17 -27 53 -37 -3 11 71 -20 55 -43 70 25 82 -54 94 -55 -25 -90 -7 41 3 -83 24 81 8 64 -10 3 -58 -12 -20 -44 -36 -6 15 -68 -77 1 -1 65 35 -3 -64 -91 70 47 -44 81 -35 -70 30
61 89 -90 23 97 -25 14 -81 -61 85 -55 92 -67 70 -100 67 -63 50 83 69 -21 -75 50 8 96 82 28 -98 -24 -70 -97 -59 48 -33 -34 -56 40 57 -36 16 20 -59 91 21 -69 8 -81 48 4 -53 17 52 59 64 -57 3 44 -9 -76 -57 82 -27 -65 -20 64 57 28 -52 -93 78 37 -58 35 77 87 -47 7 -22 41 -47 39 90 61 -91 45 -61 -93 -19 -82 15 1 49 -84 -28 87 56 32 75 87 85
9 23 96 71 64 93 14 7 -98 64 87 -38 30 -98 27 63 -18 -5 98 59 74 -70 -67 -27 -10 -12 25 -30 86 -100 82 -40 -2 86 -16 -49 -83 -2 20 60 -68 94 19 -37 -35 96 25 -100 -42 91 -95 76 0 -55 -43 6 5 2 -45 76 -65 8 40 25 -10 -80 -8 -10 -25 -67 6 -27 82 53 -67 -16 -68 -91 29 17 -78 47 72 -96 -56 25 51 57 -57 -20 -87 61 -8 -78 66 -24 -8 90 -15 8
40 -32 53 64 98 28 -87 70 -82 -64 -21 20 64 92 18 34 -60 -79 -61 17 -57 -53 4 99 -72 99 95 93 91 -41 -6 -45 -13 33 68 -58 -60 5 99 -96 -10 20 -46 -44 39 28 -88 25 -83 58 54 16 8 -42 -13 7 49 52 -50 -85 -72 -3 42 -98 93 26 22 -11 -27 -54 -38 -11 38 83 3 -13 96 32 19 36 42 26 -85 87 -29 -61 -33 -69 25 -4 -62 -14 42 -15 49 97 72 -55 -2 28
22 92 -80 92 60 11 18 6 49 -56 73 23 -2 -17 -69 19 -57 80 11 34 -89 -1 -19 14 -55 0 -99 -54 47 -2 -26 69 -32 96 -86 -9 93 -46 29 -55 13 23 5 -72 17 15 4 95 -79 -38 -19 30 84 -14 11 54 22 5 -80 -24 44 -66 50 -21 85 81 84 70 69 -48 -51 -75 -79 41 -93 -13 -100 71 95 12 -76 -97 59 22 92 68 -89 29 -36 61 31 -87 -59 81 17 33 -46 -48 -87 80
68 -57 18 44 94 71 -27 -93 -13 61 12 -2 91 10 -12 32 -7 -28 88 44 -17 -32 32 1 -9 44 -78 -87 76 88 4 -13 5 -54 82 -45 -25 -54 -81 18 -20 -41 -7 7 -90 71 87 -24 -51 42 -39 12 99 62 2 -27 -7 -59 12 77 -6 -1 -50 -90 13 -17 -34 72 57 -93 95 58 78 87 35 -57 8 70 46 50 71 72 89 23 -83 12 -84 -23 48 28 85 94 -95 -40 -31 69 -81 34 6 3
78 92 7 -93 -58 21 53 -100 5 73 53 95 60 6 18 -17 -8 75 97 41 23 88 23 -22 -57 20 -83 82 -60 29 67 19 85 -33 -93 68 -54 94 -8 -69 90 -69 15 -58 -71 -34 -19 -13 -49 28 -27 -100 49 -9 61 -57 79 33 63 19 -30 -33 11 -19 29 24 28 -20 46 -65 17 -23 81 70 -12 96 -55 -45 -78 77 -63 13 -8 23 -36 -5 -77 16 -63 -88 21 -94 -22 -65 -72 28 50 34 -84 -17
91 82 18 56 75 -87 -96 -63 44 2 1 87 30 41 -100 -11 86 -82 -71 11 74 -30 -45 66 -30 11 47 -48 -81 -10 85 35 -46 -50 -68 29 67 -99 -2 22 72 22 38 13 86 -55 -60 -50 72 -38 -5 -32 75 -53 -82 75 44 -77 67 -37 58 -2 -12 -30 -6 -10 94 -28 -39 -15 58 -38 2 68 -54 5 43 -71 -68 83 38 82 64 -66 -30 88 -14 79 -74 -3 96 -91 41 -1 -66 74 -87 33 -74 -13
10 41 -25 34 -15 49 -49 89 62 -13 -76 7 15 -100 -20 51 -46 46 77 -72 -33 54 45 74 78 -8 96 -55 93 -82 -42 -74 -78 23 15 -50 -12 -45 -3 95 -21 91 -57 69 -78 -20 -91 81 39 7 -5 31 -90 -14 38 -49 -42 61 -18 -25 -42 26 75 15 -21 80 8 -27 -25 92 -33 52 -21 -38 29 -40 77 -30 -88 -78 98 70 40 -88 -68 -40 93 18 -64 -88 62 -44 56 84 43 -88 25 -71 -99 14
2 13 8 77 6 -22 44 41 -56 -11 -98 78 41 27 -76 -39 61 -95 45 66 98 52 -87 61 -91 29 -60 -1 39 86 -81 -46 -16 11 33 -45 14 -14 87 48 -34 -4 -48 -28 -66 65 -21 81 -77 83 -58 30 58 -65 59 -2 65 -46 16 -39 37 -55 49 93 43 -100 -79 -52 69 40 -37 -34 34 -63 95 93 -6 26 -50 21 55 66 14 -6 30 20 82 -80 81 13 -57 -7 18 43 78 -5 79 -21 -23 -45
24 97 -61 -59 42 100 -85 -1 58 10 70 -45 72 -46 2 -2 -61 7 12 -6 9 43 50 98 56 -5 72 89 38 89 -51 71 -36 -21 -94 70 -95 90 -32 -75 64 -72 -94 51 4 85 -72 -23 -22 15 50 -92 46 81 -19 -10 50 58 -49 75 -3 -52 -94 86 -58 55 -35 12 33 66 -61 25 39 -37 -40 -33 22 91 -73 49 31 -35 -66 -34 25 -47 46 -68 -9 -50 -95 81 46 85 -78 82 -50 61 -39 66
66 -12 -10 78 -1 41 5 96 99 73 54 49 91 -97 -88 -62 24 83 29 -8 -17 27 12 20 25 -74 -59 91 -18 -43 16 -61 -82 57 -60 35 -21 77 63 -58 20 63 65 32 39 76 -36 56 -34 -42 -64 67 -24 -30 -64 -97 -61 83 66 -47 79 -63 -72 -48 94 77 1 55 9 -26 -61 -4 75 78 98 -47 40 88 95 27 35 -6 -43 -91 -1 -79 -42 45 51 69 -47 92 40 41 6 16 23 70 -94 -94
26 57 -72 49 -55 82 4 -74 25 100 -48 6 -45 44 -27 -7 36 66 50 35 52 16 -65 -11 1 60 29 -30 -94 -50 -44 -44 -63 15 93 91 45 5 -80 54 -55 -45 -7 64 -95 65 -82 41 16 -96 57 -74 73 35 -23 -29 23 -70 -14 -16 25 29 43 -34 -14 71 -42 -59 99 33 81 48 -8 -20 42 -32 20 -54 -7 -13 -10 -100 -74 52 83 -66 59 -56 27 10 94 11 -80 11 72 4 92 -34 -77 14
76 98 22 -87 57 -3 29 -8 60 69 75 81 -81 11 -51 -53 -54 -8 29 96 -28 -61 27 43 -28 -4 -67 -72 -38 -15 -59 59 -86 73 38 -41 33 70 -92 60 61 -97 -49 86 40 -82 26 -76 -19 -6 38 98 15 -73 57 48 71 -36 29 62 20 20 94 -21 -82 79 -20 -12 71 -79 11 72 48 5 -48 -13 7 68 -64 -6 68 -90 36 54 -40 67 17 88 96 -89 -58 17 87 6 -73 33 -72 -30 27 -47
6 9 67 4 98 -28 84 -63 -84 -72 72 58 57 89 -50 -35 93 -15 -36 -2 -20 66 -5 56 83 96 97 -72 23 4 66 -97 99 20 15 -34 73 55 30 79 -94 -58 1 -8 -99 -6 3 74 -69 26 -73 -81 -77 83 85 79 18 -51 -54 -16 3 37 -80 32 7 34 -29 -100 93 -96 -48 -67 -62 -61 85 -20 88 -34 -2 -45 -81 -99 77 83 -20 1 64 -41 99 -51 52 -79 -36 -95 91 -39 91 7 -54 93
51 73 -25 49 -62 -16 58 -81 -11 37 39 30 20 88 -31 62 -40 20 75 53 33 91 -75 -89 -69 -16 -39 -85 -21 94 -5 7 -98 54 27 -72 63 76 14 38 89 20 59 -21 30 5 20 -42 -64 95 -46 -10 -12 -14 36 71 57 -78 36 -71 -54 -20 2 58 9 26 8 -90 58 -67 -24 27 96 -28 -13 -64 19 -56 -91 18 -41 -7 46 -48 -68 -98 10 -52 55 55 -80 51 -1 -81 88 -84 50 76 1 91
94 21 9 17 -82 44 -36 37 -64 84 -50 -26 86 85 32 -47 -6 6 80 83 8 -97 78 11 20 -73 88 -87 -47 94 -54 -17 -77 54 47 -3 51 -26 -42 -35 82 50 79 54 84 -42 79 -27 -85 71 52 95 -80 -92 95 87 -77 -57 -55 42 -6 -88 -53 71 -15 -70 22 1 -63 92 -2 15 -29 -86 76 26 -48 44 -65 42 32 4 -100 -16 -7 -16 -65 -82 -8 -27 37 -64 18 -78 55 63 64 -61 61 80
61 80 -28 55 -22 -33 15 -49 88 -82 33 -94 52 87 -46 -72 62 26 89 -3 87 -73 -24 -25 -90 68 85 -66 0 68 96 -77 -58 35 71 -10 1 34 -91 53 -55 -20 26 -48 -97 -34 -9 72 -77 93 -77 94 -83 86 -1 -86 45 88 -14 9 -3 47 -60 9 72 11 -42 -85 -38 31 -87 77 -49 -10 -22 -53 60 -12 -18 45 51 40 95 -81 68 -42 3 -87 11 -96 82 22 92 5 58 -14 -29 65 -73 -62
88 -21 71 -7 37 -40 -82 -22 74 53 9 -86 8 -17 0 28 -55 93 79 -81 -27 -60 62 -50 61 17 -26 59 -56 12 -99 -8 25 90 -49 93 -60 28 -100 18 58 71 -65 -75 19 -6 -48 68 4 -11 29 -96 68 -39 83 86 58 -16 91 -25 46 -35 -16 80 62 56 -39 97 -2 10 -27 -30 79 -58 -49 -52 14 -93 -89 -81 70 -36 -7 66 -10 1 -52 -98 34 37 98 -22 -17 -77 -32 -85 91 -1 -100 48
92 71 96 -52 87 -80 54 63 62 73 80 19 52 43 -4 -47 7 94 -76 97 -5 98 -67 -75 49 -20 85 39 -87 -38 48 24 -65 21 61 -90 -9 56 -4 20 4 21 64 -9 -63 -5 -29 -66 58 -68 82 54 -29 22 -61 7 49 7 62 -95 -58 82 82 -24 21 -3 75 -33 -14 71 35 94 -90 -94 -29 42 -28 22 -58 60 -56 74 3 -27 -3 2 -66 44 54 -39 9 34 -36 -71 -100 -48 -58 85 -61 27
83 -83 39 -7 -5 72 -39 84 37 39 9 -13 86 -45 23 -84 -53 -49 83 -48 2 -29 94 83 3 56 98 10 69 -26 -79 -31 33 87 98 15 -3 94 34 -77 8 -67 50 -93 37 -70 3 -35 -66 19 -27 -71 38 -57 55 -62 -18 29 -33 -42 -94 24 -76 -42 6 -68 25 58 -14 -77 90 -90 53 7 -2 76 -63 -3 -3 7 97 -23 0 -15 -7 62 72 -79 95 10 70 -45 31 -52 73 -27 -89 -12 -83 54
35 56 -34 89 27 -68 -36 -57 15 76 -83 26 47 -45 37 86 -72 -47 -23 -11 95 57 -71 43 -19 23 10 5 32 -36 96 10 -46 -83 84 74 -98 87 8 -74 -50 -36 -16 2 -3 1 88 85 -86 -37 17 -29 -31 -63 25 9 -50 21 51 72 84 -4 -9 -74 -44 97 44 -19 -22 -20 99 22 51 -52 8 21 -55 -73 98 -7 61 12 -82 55 -61 95 -95 7 -66 33 17 75 82 47 -14 -93 87 7 82 50
25 42 43 -62 42 -35 -15 68 49 -95 94 -13 59 25 -58 2 -22 69 10 -14 -35 -82 100 -81 22 -14 74 24 9 48 81 93 81 -34 -89 72 -63 78 62 -13 -22 59 -48 -82 -3 77 -29 -72 -55 86 12 -68 54 89 -32 -45 -52 15 -50 92 57 -51 6 25 -17 -32 -46 53 -13 82 12 -79 -32 84 -20 40 -20 20 -16 -69 5 -46 -64 -51 80 96 -79 -33 -40 79 57 -50 17 -45 -50 -69 36 -67 -53 -43
62 37 -74 1 -19 90 -26 48 -52 93 -28 -80 71 57 -25 -99 21 37 89 13 -47 13 -95 47 -35 -20 -6 -46 72 -31 94 34 -65 -73 72 -32 82 48 61 8 -71 -11 -57 4 -99 13 65 -90 87 -93 73 -20 -54 32 34 -40 82 39 -38 79 16 -94 28 -87 -94 38 42 -28 69 -12 92 7 -31 11 76 7 -54 76 -57 92 29 -28 92 -49 75 -21 15 -6 -46 -7 99 90 -54 -78 14 40 51 19 -78 -20
14 43 91 11 65 25 -29 55 84 -25 -92 -95 -26 -98 34 18 -37 53 -49 83 66 -63 -74 58 -74 64 68 -93 -51 67 0 -39 -51 81 62 -79 -7 -56 54 -43 2 41 43 -68 90 -99 43 6 13 61 -95 -18 45 -12 31 39 59 71 -2 -87 22 98 -83 91 38 53 -74 -86 44 51 -66 -79 -99 32 29 40 74 -79 82 -66 -80 96 42 5 -84 -100 78 -11 30 -59 69 -96 -12 -73 88 -86 10 41 79 14
17 83 -76 -3 20 63 86 51 40 49 -78 -79 11 43 45 -71 20 47 -53 -40 -5 25 -80 -90 37 66 -24 77 67 -91 92 34 -87 -51 55 -96 56 7 -3 18 85 -5 -30 11 -18 50 -83 74 -63 -41 -3 -87 76 -91 94 46 -38 60 -22 -40 17 38 -62 88 45 -54 96 -46 67 68 98 84 -96 -100 84 -48 -31 59 -97 -28 -85 21 -45 28 38 27 -79 -66 -11 -8 66 75 -79 90 -47 84 -95 -75 -31 -82
57 -51 60 37 -87 69 -18 -35 43 -73 27 59 -83 32 94 6 -31 -59 -14 -26 68 5 -44 89 55 -76 -47 -44 59 81 -90 74 27 64 24 53 85 -80 -6 -95 -8 -47 30 49 -13 4 67 39 -81 10 56 38 -29 97 72 -34 63 -66 97 62 24 79 -93 -96 -6 15 82 46 37 -71 14 73 47 -89 -66 52 -61 -61 -66 5 44 -89 42 -71 -32 -41 -1 94 -22 -42 40 51 -24 18 -10 41 -89 -7 50 10
67 40 -78 41 18 -55 88 9 -65 -20 83 77 50 -100 15 -63 -10 26 -1 72 92 -27 -85 37 -70 -83 89 96 -36 -47 -51 -49 71 -2 72 -6 -64 51 84 29 1 -19 46 33 33 51 97 25 29 90 41 -8 74 -96 86 9 -66 -98 24 11 81 22 58 13 -97 20 -93 21 24 15 -49 -32 -20 1 -34 51 -10 75 -29 25 -97 -48 -58 65 12 4 -26 -1 -2 -42 -26 -16 7 75 16 -62 5 1 -74 -29
4 92 61 -36 11 49 28 -34 -6 -8 54 34 84 -78 -20 27 59 -57 -13 -67 -44 -41 -95 91 34 61 57 -89 -87 -1 58 -70 79 53 -79 84 8 -81 32 -20 -76 6 -38 98 3 37 38 28 29 54 -56 -97 62 86 -78 -46 -20 -55 -51 82 -57 0 93 17 -2 -52 92 -35 -64 -52 12 53 25 80 -23 -82 -29 -64 47 19 14 67 -41 -28 44 34 -27 76 8 -2 80 33 -14 -98 -55 -43 -43 -28 -28 56
52 57 -55 -43 46 25 49 4 55 -55 -82 84 16 -63 -76 1 34 79 35 -80 62 -32 33 55 86 -48 53 92 -18 -9 4 76 62 -69 12 7 31 28 -73 44 17 57 60 -70 7 -37 95 -12 49 -37 -92 -56 31 -64 33 57 56 88 7 -25 68 -77 85 -31 -14 66 -19 -19 -78 -47 -53 -62 -84 95 -54 86 34 -1 95 3 -3 44 -40 -84 22 -11 -17 -38 26 5 -54 -85 -1 46 7 97 65 -46 8 20
63 74 -94 4 13 80 35 7 88 -12 -9 -45 72 -46 -74 -82 78 41 15 -63 -38 -84 24 16 97 49 94 -78 -85 0 -89 74 82 14 -23 -47 54 48 72 -18 85 75 92 13 -49 -93 -99 -50 -68 21 39 46 -31 -1 39 -74 -79 80 -97 21 75 -55 23 87 -15 -17 -51 53 0 -84 -22 -49 -71 -8 3 92 0 92 -25 -97 45 -21 99 -44 67 -49 75 -18 -87 14 -3 -16 31 7 12 18 -23 -64 -28 50
21 98 -64 78 53 55 63 -34 63 -80 -47 65 65 46 -79 88 98 43 -65 42 78 15 24 -30 -5 -44 -23 27 52 -25 57 24 70 76 -55 53 90 -8 -97 24 -85 -9 19 37 -55 15 36 -77 -48 45 -18 -73 94 -63 -19 -93 89 -44 94 98 0 49 -71 -10 54 63 26 58 53 -86 -5 -28 27 -94 71 87 17 32 -2 14 -6 44 94 82 -1 -20 1 14 -27 0 88 -44 58 -29 -60 17 -34 99 52 11
91 -26 -41 24 95 1 -1 95 89 -41 -83 -49 20 -72 -11 -53 83 -95 15 -41 19 16 97 -67 -40 55 19 28 54 -45 67 -50 -67 37 -97 68 -13 86 11 -62 96 62 -61 -27 12 -43 80 -53 61 3 -31 -59 -95 -37 7 -28 97 81 -95 87 33 -65 89 -54 54 -17 -19 -65 -87 82 21 69 -82 -45 -48 65 99 37 -10 -86 58 -48 -2 -87 -20 21 80 -74 31 -10 -85 15 37 -58 62 66 42 86 -23 50
79 15 -1 -88 29 -20 44 -12 -20 94 87 -71 37 57 48 47 -65 -41 -45 11 -80 14 8 -37 -60 76 87 76 3 30 80 80 -15 -23 -12 98 49 32 -5 -67 81 47 -68 -87 -91 -90 -62 -17 -11 84 -18 -100 -56 38 -41 1 74 -19 -50 41 85 -52 -57 -69 20 13 21 29 -15 80 -39 -61 70 51 63 -43 -12 -34 -33 -64 -41 89 80 11 12 -44 24 33 46 40 29 -100 -15 -19 67 35 55 -97 40 84
35 -30 8 62 80 11 29 6 -47 56 50 53 82 57 17 71 31 79 -93 23 43 99 74 -41 -34 -43 -63 -5 83 59 -7 80 -75 -66 -32 5 -34 75 95 -8 -45 67 47 -37 39 -63 -16 -19 40 16 -71 -24 10 40 87 -24 -55 54 13 95 -93 -63 72 69 -62 70 -8 -30 -17 -39 -31 95 -56 3 -57 50 55 -99 36 -72 47 -99 56 21 -19 -24 -2 73 -8 -3 -69 59 7 66 -20 -77 69 -39 -80 -89
90 34 -37 -86 60 76 66 -25 -45 8 0 -25 -80 32 36 -34 95 -97 97 -24 48 -57 28 93 37 -3 -79 22 -21 63 74 53 -61 98 70 -29 68 6 -83 61 -82 17 -68 -36 86 73 73 42 -84 -27 3 82 -15 78 43 -91 -97 -71 13 -92 -96 4 47 -43 41 -15 33 77 53 91 91 27 -25 -9 13 -47 -54 12 -100 66 24 -43 99 72 -19 -55 0 89 -78 99 -35 42 74 71 -30 -10 53 81 62 40
42 60 -7 -25 -50 41 67 -86 77 17 49 -32 -68 -69 37 82 58 -75 -80 -5 39 -12 -46 62 -40 49 -37 56 -22 -34 79 20 -68 -32 -42 47 25 94 -90 -10 57 -9 -6 -42 10 88 53 -9 -66 38 -11 50 -82 11 -49 -20 80 3 44 -21 -34 24 51 78 0 72 -89 -97 -38 -70 36 67 -45 -96 75 39 -48 60 -93 51 67 -51 -79 9 -72 91 -84 -13 71 1 -66 86 -46 63 -73 67 -8 -10 57 66
15 58 82 12 15 14 20 -49 -34 43 -41 11 -33 -27 -65 67 22 88 -15 -64 5 11 59 -37 95 -27 71 87 34 3 88 77 17 33 -71 -91 -76 77 -83 -11 23 53 85 -43 -20 -56 -44 36 7 -97 76 -27 -77 99 -61 -35 91 90 86 67 -89 55 58 -99 -54 -11 -43 11 50 30 48 -41 46 -35 -34 -24 -44 80 58 81 -86 81 46 63 66 57 98 -4 -87 -98 31 -78 -93 71 94 9 17 57 52 21
27 -4 29 -16 -32 57 21 -26 61 -18 7 -32 -1 91 -11 -80 39 58 -58 9 15 17 -95 -21 -14 39 1 57 -8 9 -17 -93 53 3 -19 -42 49 -33 -9 32 75 -52 -32 77 -48 92 -90 -23 -4 68 -16 76 51 -7 55 81 65 22 -69 -8 61 15 94 -11 -97 -80 56 -28 84 -47 34 -76 2 24 73 -73 -55 39 29 -52 -72 11 -41 -89 -49 -41 99 -81 -18 63 -40 -86 17 26 57 72 81 -67 -70 -41
11 17 -16 18 -5 76 97 60 -78 -70 -21 -55 69 -71 83 87 -82 -61 2 24 97 -77 76 -40 -71 73 -26 -98 48 47 86 69 -93 -87 -26 62 69 21 -92 76 71 -7 -81 -3 63 -30 47 -27 -42 -99 56 -26 -78 -3 4 44 40 72 91 -5 46 80 -29 -27 -78 5 -53 -50 56 -80 82 96 -16 90 95 4 13 42 -50 83 -31 0 -71 60 -97 -49 -83 -30 -48 44 -80 -43 60 45 28 -16 7 -82 -84 97
