100
57 13 13 -20 90 -49 78 84 84 -59 -73 -24 -72 -58 79 -16 -63 -29 39 -34 -32 16 10 90 8 24 91 -41 79 -80 -73 -95 61 26 -1 -10 29 -13 -5 78
27 -8 51 81 53 86 86 -46 -54 -46 -39 -83 36 39 11 59 72 10 -41 99 -92 29 68 -18 16 -96 48 90 -51 61 -73 -54 38 31 90 86 15 -46 85 25
66 32 -96 49 52 53 60 72 59 75 49 -17 11 23 98 23 63 35 64 75 -16 -19 -100 -20 -30 63 -21 -15 -96 -67 -75 -64 -87 -21 -4 -23 63 -24 75 89
7 42 28 54 43 -99 -10 17 -39 -6 76 65 -39 -3 -65 29 -64 -11 13 89 42 -85 -41 -34 31 77 19 3 -49 -24 77 35 -24 91 -13 -51 1 -84 51 68
38 96 42 -29 -40 92 -60 7 65 -43 -17 -40 85 -7 -13 95 -51 16 -45 66 88 25 -2 -20 14 -9 -26 74 72 22 -70 -87 25 -30 9 -95 94 78 -14 -87
61 60 83 0 -7 5 20 -44 -25 -97 84 71 98 91 44 -41 -93 12 -21 96 35 -94 69 -8 -92 49 97 -54 58 -4 -35 -73 -95 -23 43 -22 -90 -2 -42 -94
66 48 -69 -45 65 44 86 -25 35 -68 -56 19 28 18 -9 30 -77 -71 87 -48 52 62 -12 29 71 64 -78 48 -24 -77 -99 21 40 21 -93 -33 -50 97 -41 26
63 68 4 0 1 -8 80 77 -92 -21 48 -8 -28 0 82 -58 -95 -68 -31 99 78 -44 62 -5 -97 65 44 -20 39 -52 -3 -81 -33 64 -2 71 -39 -10 76 63
31 12 -28 19 10 88 43 98 -27 36 51 82 38 73 -34 39 -32 99 -93 12 -2 96 54 -64 82 -17 -3 73 58 7 -53 91 -3 -20 -65 89 -13 40 -47 -39
54 72 47 -46 -70 74 -34 70 61 57 74 86 -14 -32 73 13 -45 -85 26 -14 -70 20 73 78 -97 -71 11 50 94 64 -49 17 -37 -21 -85 -27 -94 -75 -14 -19
83 77 -31 -17 55 -26 1 -31 50 -25 -40 35 -99 57 -68 56 16 74 85 96 -52 -48 42 52 83 0 -65 14 43 -64 -43 -36 55 75 -24 98 46 -2 -52 -58
74 90 1 -12 -54 -70 69 -33 29 23 29 91 12 -51 80 63 -62 59 26 -55 -4 80 -70 -82 -34 49 4 -77 79 65 -32 -13 -59 -95 -46 -33 28 -62 19 20
89 -9 -57 15 11 93 43 -74 82 38 3 96 -51 -28 -3 52 36 -40 12 24 2 56 78 -61 10 -69 -18 79 -90 -47 -58 94 -78 -72 51 -56 92 -39 54 -52
95 -25 24 -18 -62 84 -21 -47 26 20 50 77 -59 27 20 39 -12 41 -83 87 -23 31 -13 -11 53 -32 -88 -40 -65 -25 66 69 40 12 82 -29 95 -59 -5 66
28 -4 62 -48 84 -75 -2 97 -10 59 54 40 29 -46 -74 31 42 23 98 -35 -95 47 -92 55 35 87 76 64 18 -49 36 -75 -46 29 -97 23 6 -8 33 -17
10 81 -12 61 92 62 -35 -65 68 17 -13 -6 -40 -71 74 36 -70 -59 -98 -27 13 78 -68 8 48 -73 9 7 76 -34 51 72 -61 53 78 65 89 87 -83 23
97 61 -32 -45 -1 98 67 85 51 30 57 -20 22 -14 18 -38 -52 -75 76 94 92 76 98 7 -22 20 17 51 -25 -96 -2 42 69 80 -14 -72 9 -56 -86 -94
22 91 57 34 74 -67 -64 -13 -13 -91 27 8 -35 74 81 63 76 22 -28 -88 22 -99 -41 -68 -37 22 67 72 11 79 -54 65 87 4 71 74 -35 24 -30 -20
41 40 -54 57 -37 76 30 -60 -33 -50 91 -29 90 1 -34 -1 -81 22 -6 -46 44 51 31 -39 8 -53 74 -79 22 80 82 -48 -11 1 -35 -69 81 35 58 -34
25 91 87 -23 -73 -93 52 -42 31 27 -67 8 -20 70 -57 48 44 -49 59 -53 89 -80 47 72 -78 28 -24 -68 -44 84 43 -50 -49 -27 42 29 21 96 98 70
8 51 87 -24 -49 89 25 -31 57 65 -80 -5 -65 -44 -1 -27 -17 32 96 -89 -53 53 89 -91 -39 72 95 13 85 76 -37 86 93 96 58 64 -75 -71 77 58
68 75 -78 -50 83 -9 -55 52 89 42 86 -54 -23 12 93 62 97 -26 -17 -62 -39 -52 -58 -6 -75 85 39 87 -80 -86 -99 -67 26 -3 85 -65 -24 -14 93 -78
14 89 29 1 56 34 -28 2 89 -49 54 -59 18 88 -54 -68 15 8 86 -73 12 99 16 -34 -72 64 18 -48 -8 16 89 95 1 88 -14 92 -76 -42 -33 50
52 93 -71 99 87 -16 14 -20 -33 -15 76 96 2 22 -43 -22 -52 -89 84 -87 -89 95 25 -1 -82 -75 9 62 57 88 39 10 50 -53 68 -67 -27 58 -59 62
56 22 -77 28 81 68 -32 -31 34 -66 65 16 -32 56 -70 47 86 64 77 84 29 81 92 -29 9 -92 -20 51 76 -92 55 71 62 47 -49 -60 97 25 95 15
40 97 42 68 -77 -83 58 57 46 95 68 -20 90 96 20 -50 11 -37 73 -100 49 78 -11 31 5 -29 -9 -42 -4 44 -98 7 2 -6 43 -37 -58 66 27 -92
54 37 -91 79 15 85 15 -24 36 79 -94 -7 67 -35 -97 40 -22 -95 65 24 86 73 22 7 -32 -57 -94 30 -90 -58 53 -20 46 -71 -23 99 18 87 -67 12
9 27 79 17 -29 -5 48 63 -88 1 -18 -49 -12 -13 86 -50 74 3 -50 -28 -30 61 15 -92 40 66 68 -49 73 53 -40 6 48 43 -30 -96 -49 -35 41 -51
43 38 -78 16 46 89 17 54 -71 -55 22 -37 33 92 -68 3 21 -78 49 -72 42 82 70 45 24 60 55 -64 -89 -22 -1 -97 -7 23 38 -98 96 -10 64 21
2 69 -66 91 -62 17 -3 -27 85 30 -5 -29 -18 52 1 -96 -6 12 32 22 -98 79 21 17 34 -78 55 20 -39 -78 72 -90 49 -41 2 2 73 -63 96 68
53 7 79 21 85 31 -80 41 -50 -71 7 -55 -17 49 -72 52 -77 17 57 36 71 8 -64 -2 -15 61 24 -63 -55 19 88 70 42 -27 72 -53 -41 -64 34 82
16 52 4 -48 90 82 50 -94 -93 -25 38 -53 76 52 15 56 41 -58 -2 -70 -64 75 47 -99 15 -81 74 99 -49 -10 -100 45 34 97 -9 14 -77 8 75 -21
83 60 -97 -2 43 41 14 73 72 -9 -78 -17 20 32 -20 -86 67 13 75 65 -81 47 -14 -10 42 -91 -87 91 -70 -87 67 -85 -32 -39 96 25 34 -20 55 66
47 91 -45 -59 92 71 23 -42 52 4 -67 46 50 78 -96 -32 82 78 60 22 -23 -45 -85 26 -92 79 13 69 55 41 18 -82 63 10 -12 -37 -92 -27 -6 -15
54 75 44 -34 -12 -35 75 80 -33 -54 -35 5 -96 47 84 -23 17 26 85 -40 -3 -36 -3 -26 64 33 -54 -51 -48 -14 69 -66 74 34 -71 72 -25 -42 48 -29
65 -41 52 37 2 28 -3 -76 73 -50 90 65 66 51 99 20 91 54 -99 -1 66 6 -43 -6 -92 -57 34 90 -13 -13 -88 76 -74 90 -57 -39 72 -77 -18 61
29 46 6 -25 28 22 -79 49 26 -58 -15 36 -56 46 88 -66 92 66 1 63 -59 95 12 41 -27 -3 62 -44 -98 -33 91 -87 -62 45 9 33 -62 -90 85 -68
86 -39 52 -70 68 -22 75 18 11 -96 -53 84 13 -26 16 20 -74 75 82 -78 10 -72 23 -29 82 49 7 56 78 -73 -97 28 -65 -60 -42 2 69 11 -42 99
22 3 -9 52 -50 81 -51 27 88 -65 91 68 95 -45 79 -71 -79 53 -87 -81 43 80 -25 -34 77 -18 41 -71 62 28 99 -33 37 -33 55 26 84 68 35 -42
78 90 53 -73 -31 54 79 53 75 79 57 -41 -81 -19 60 -14 -95 -72 27 -35 -5 18 -92 -31 -69 -27 -22 23 79 97 9 46 -61 -60 17 -73 60 79 21 24
16 95 -81 67 -44 82 84 22 -28 92 21 83 69 -89 78 -19 -31 -79 91 -61 53 -90 -87 29 26 83 12 62 20 -22 0 37 -10 81 2 -92 -42 40 25 88
77 75 -58 -84 88 52 75 1 4 40 -18 88 -87 -10 -43 -94 57 8 6 -96 -33 26 8 11 45 -41 -63 72 -29 50 86 -45 -29 -38 70 -54 8 -68 86 4
17 21 83 23 -73 83 -37 85 -5 86 59 27 46 -70 18 98 61 46 -33 3 -100 -59 -38 67 12 -27 -60 -8 99 60 87 -34 -88 16 -83 -72 47 18 -88 -82
45 54 -59 96 -80 95 43 -21 88 12 62 67 88 22 -12 43 4 41 92 -94 94 -5 -100 -39 -89 -73 86 99 0 47 88 26 72 -52 46 56 39 19 92 -47
23 9 32 -20 33 63 -82 -22 51 37 -68 -47 27 21 77 6 95 -7 77 -31 38 81 -90 -4 -22 9 -54 36 37 -87 19 -71 61 -20 4 43 -28 13 91 65
95 -50 99 -31 82 -1 -69 -99 76 -63 48 -36 96 17 -14 73 58 1 -12 -37 -72 61 10 45 -92 -22 -99 -6 26 58 -53 -36 -26 31 -2 63 59 -9 49 -53
28 65 -39 86 30 80 70 -63 -50 78 -94 -35 -27 65 -66 85 72 -2 -54 -72 68 51 17 -95 85 59 93 89 46 -81 -41 -100 -57 -15 -76 -11 -34 86 -6 35
44 4 69 -53 80 69 -72 14 24 37 -9 90 32 -43 43 -57 6 -59 61 -88 -79 -83 97 -70 26 -54 -12 47 83 -14 -82 58 -39 31 61 67 45 2 13 -78
90 23 88 74 -7 95 -92 4 50 39 3 -84 -48 61 73 63 87 25 -82 68 46 4 -10 35 26 59 -95 72 10 59 -78 -15 -37 -27 66 -54 82 40 65 67
3 -1 31 95 94 -80 15 -19 16 -84 82 69 87 47 53 37 -29 -45 87 -6 -94 58 -9 -94 64 -35 25 -16 -46 6 62 -77 36 41 -22 -24 9 -8 68 0
75 97 13 -54 61 81 -64 78 -74 -66 96 -29 3 -36 -42 46 45 -28 57 98 -66 -9 63 41 -30 54 92 19 67 69 33 -74 -45 -78 42 -34 91 10 -12 -60
38 54 48 -46 -28 -17 73 12 -37 18 0 32 29 -34 -73 36 -55 53 -67 41 -53 9 66 -7 -44 -12 47 -7 85 23 6 55 -41 90 -19 29 83 40 14 23
61 31 9 51 -43 37 -49 -36 28 70 -4 -17 -37 -7 0 -75 23 6 -13 59 97 -33 14 81 21 61 -48 -7 -5 27 29 -57 -14 57 -5 -12 -40 23 -12 -7
50 87 -34 81 8 80 67 19 -71 82 2 15 -99 61 25 37 -20 -49 -76 -81 -20 3 9 30 -79 -6 89 -70 -82 45 -33 81 38 77 -2 -10 9 -89 -83 10
74 -10 39 10 -40 100 -19 -7 -42 96 46 -23 -82 24 17 -59 98 -54 -78 -88 38 22 7 70 -71 -67 32 88 38 -4 62 -30 96 -88 -13 -19 55 32 50 43
75 -27 -13 16 69 -62 -21 -28 4 38 50 -14 -46 -26 35 20 -44 54 81 28 -53 -53 42 -11 -59 96 -72 -53 -19 16 99 45 -5 -27 69 61 -58 81 -41 95
95 -93 55 87 26 -86 -31 55 -53 71 18 -3 -10 11 -9 -56 77 32 52 65 -97 -6 86 -76 -7 -15 77 -14 -70 89 82 90 95 -71 46 -10 -89 7 87 -83
57 -9 53 -43 -3 98 90 -16 -12 78 83 -54 62 -23 44 -8 -66 65 -27 42 -23 93 -42 -73 31 -83 59 80 98 96 -74 -1 -93 99 78 -80 82 91 93 -100
47 -44 63 -28 85 -17 21 -7 -42 83 -12 36 76 -67 14 -96 88 -19 92 -37 -31 -16 -5 -89 -91 54 44 55 90 -71 78 49 3 7 3 -43 -10 14 45 -17
100 -31 -32 70 -7 5 98 -18 -45 6 -84 72 -98 -9 45 -58 77 78 76 -85 -32 -5 3 72 -10 -33 -99 11 93 2 75 83 6 73 -7 -61 10 -26 5 38
18 88 -8 -47 34 14 -91 6 68 84 21 -18 -45 28 27 -54 -92 -23 41 -34 55 91 86 -67 -37 47 -52 -58 -33 76 29 -37 -9 14 60 69 -64 73 44 99
43 22 15 5 36 73 95 57 -37 86 -84 -100 -27 -96 -86 14 91 -62 -24 17 93 88 67 30 -3 17 69 70 -49 -36 -54 -13 -83 68 14 -10 -89 -45 24 9
37 59 -51 91 29 28 75 16 -22 51 51 -69 -24 6 56 -71 -15 31 89 33 -97 -91 -64 16 -33 -84 53 -14 10 11 -72 6 92 9 47 41 -31 -49 -89 -52
54 88 -78 -52 99 -94 72 52 69 67 67 0 55 95 -92 -10 27 66 83 64 -62 19 -99 -47 52 -2 10 -75 16 16 48 19 54 -96 65 39 39 -26 -100 -76
14 22 15 81 -52 -1 80 -56 43 -56 52 61 32 -49 96 -89 -4 -24 -36 6 38 79 78 -6 14 -38 -83 -64 -55 1 83 79 -63 7 -92 70 82 34 -86 -27
10 29 100 90 -12 -24 -20 16 38 -21 64 -14 -52 84 85 -78 -4 26 9 -93 92 -53 -31 -32 -24 17 94 53 84 1 39 -84 -75 -3 66 21 -100 -30 -56 27
20 -2 72 -42 65 69 78 73 -75 6 -77 -6 42 96 4 40 -98 -41 -50 74 39 -16 -43 73 -19 -48 -10 -31 86 60 -88 -40 21 46 67 37 43 -55 -56 -19
75 32 66 -22 86 -81 93 -33 -50 95 25 -4 -100 82 22 88 24 -73 -40 55 -70 38 -97 -50 88 -68 -50 -4 -59 -20 74 65 69 21 -43 -24 79 -45 16 67
13 4 83 86 60 -84 -82 -71 44 45 47 -95 66 -60 -36 84 43 -14 -95 89 -2 81 22 -47 8 -98 -11 88 -1 -23 87 -28 45 9 -65 -51 -92 -45 70 15
78 47 54 -30 -73 -70 3 62 84 18 -74 38 16 25 -96 48 15 -27 -75 38 -42 -8 76 12 -45 32 -34 88 9 -87 46 94 33 -48 11 61 -29 20 88 -38
85 85 -65 24 29 -18 35 -3 95 61 -96 -34 48 -5 -86 -19 -88 52 -47 70 -1 29 89 53 78 -5 -25 13 -21 16 92 79 62 1 -99 -40 62 -97 27 -74
82 -81 27 32 75 -11 72 -25 35 -23 20 86 45 -28 -88 10 -58 33 58 -23 -68 34 -99 56 -5 79 -75 73 -50 90 -27 3 1 63 86 -25 60 -64 -11 68
10 69 -66 25 0 -36 75 84 99 -47 -91 46 -84 -37 -38 86 -93 33 79 40 60 -76 -57 75 9 98 38 39 -8 -77 68 2 60 -4 17 87 -30 -8 -15 -30
81 74 53 26 -51 28 -50 85 -61 -90 -79 25 -14 99 -12 30 92 69 -23 81 -53 51 -37 85 76 -87 -75 98 -35 36 56 -82 39 44 26 50 6 71 -27 30
22 73 59 59 -43 -26 9 -55 -12 96 53 -55 -36 -22 7 41 31 11 -87 91 -50 -31 33 48 81 -73 51 -31 -51 90 -100 -26 40 7 98 74 -18 56 -11 -60
64 77 9 12 -57 16 65 -8 0 -100 100 50 94 -60 -39 81 -35 -77 -43 88 -14 37 -65 16 -73 62 -80 -83 -2 38 -34 90 -32 24 -35 10 22 33 -48 71
47 100 65 23 -50 -88 13 96 -50 33 77 -100 -36 -93 5 93 -3 11 87 45 89 58 -39 -66 21 -71 30 -89 73 91 74 31 8 23 -77 -66 -59 87 85 -67
58 44 68 79 -55 -46 85 79 -76 -74 -1 77 -60 -30 -25 66 93 29 -13 -44 -31 -41 -25 81 -55 50 51 67 85 -6 20 59 17 -16 48 -54 -46 -68 42 58
80 56 92 95 -45 86 19 -21 1 76 -28 66 -3 -33 -46 -54 60 -10 -80 -15 96 -18 -58 7 51 -34 -93 94 -15 -90 -38 -27 7 80 89 14 1 98 15 90
2 12 19 77 -13 12 57 84 -51 -28 81 -68 78 6 -71 58 -80 63 -61 77 -35 50 -13 -58 16 -44 53 60 33 -58 -17 -16 25 -61 -79 -2 71 36 -9 73
43 28 -24 63 28 45 -78 4 6 76 -58 -76 3 -18 -13 39 37 14 -39 92 77 -68 -67 -57 1 -52 54 41 97 -89 60 -92 8 8 -43 86 90 49 2 81
60 28 46 56 -65 -81 -34 81 -37 -28 89 4 -73 26 77 79 -62 -50 5 -10 41 86 27 71 -60 -54 -29 -60 -28 70 88 -43 -48 68 71 -98 97 1 9 97
79 70 39 -34 -30 -72 98 77 98 -42 -4 18 83 -80 -83 72 20 -3 6 -38 -17 -91 -85 69 42 -82 55 10 -82 61 44 -92 83 -94 -21 5 98 57 -47 15
16 68 57 -47 -51 41 48 12 -75 73 -7 -41 84 -20 -5 -35 -34 37 -9 -93 46 31 -20 7 56 -78 86 -44 85 43 -28 63 0 -22 6 62 5 -33 -24 43
42 97 56 -84 30 -19 -64 87 -40 73 75 -82 24 -69 -26 52 31 -36 -60 -74 89 -20 -45 75 -24 -6 -42 -24 86 50 32 -61 -37 -65 29 83 3 64 59 86
2 78 44 23 -53 89 89 52 -94 39 27 -5 28 -7 45 52 48 41 63 -79 13 18 -43 -47 -20 -5 -22 -97 96 -76 -41 39 -52 30 88 78 -41 14 -62 -6
35 99 1 -31 -68 42 -23 0 26 32 -85 68 1 74 55 92 1 -67 53 -33 -86 57 -42 37 -18 59 22 55 29 63 20 91 90 49 -6 -56 3 -76 -41 -7
63 80 -73 -6 31 -69 85 -82 60 -85 7 65 -2 65 -32 33 -45 -46 74 16 78 -54 94 6 20 -93 34 -16 -26 -2 3 -45 91 -53 86 41 23 -85 17 91
10 68 99 -77 -26 25 -17 -20 44 35 32 -12 -40 -98 39 56 -57 22 43 31 25 -5 -76 43 -50 -43 64 -60 0 -32 -20 81 60 93 -85 51 -73 42 -35 51
22 96 78 -82 20 -2 44 44 -19 -71 -50 8 8 -46 42 58 9 -36 -80 46 32 68 5 -39 -44 69 2 -26 84 -39 4 -21 77 -7 48 21 -47 24 38 -79
50 69 -2 20 -18 -83 81 65 -55 -54 -65 22 44 -36 71 76 -19 -1 60 9 45 -59 50 -58 -13 -59 -72 3 94 21 -95 -40 -40 40 -1 85 11 -6 -17 -83
89 -77 33 63 20 -86 67 77 -100 5 4 78 -9 -79 -72 58 73 74 12 35 -4 58 -30 78 82 87 76 -45 19 31 84 45 95 -64 -24 97 -98 48 -72 -55
67 100 56 -50 -64 18 -100 78 -85 -1 40 -1 -38 51 -33 -15 54 78 96 37 -64 74 -78 56 -3 -57 92 21 -54 -93 83 54 -59 -4 -76 -87 -25 6 -73 39
13 77 76 79 64 4 95 33 -95 25 -5 -29 -18 90 -4 87 33 -60 -24 -53 -81 34 -13 37 87 -85 -91 10 73 -78 -62 33 5 -88 -36 -18 -22 81 -8 -10
7 51 45 76 -59 80 -6 24 -75 -32 4 77 90 72 -19 -81 93 -56 -35 -91 12 56 -84 -15 11 34 9 -62 50 -15 -9 -13 53 58 50 -65 83 92 -90 -63
9 53 21 99 9 -19 -17 49 -26 -33 -82 -11 -5 52 -31 55 -16 47 -13 98 -43 -43 -99 49 9 38 1 -58 15 -47 10 27 39 -78 72 -14 -53 -51 7 42
32 74 -97 90 -29 82 -21 51 -83 36 -45 79 36 46 -4 -15 72 -12 -43 76 -20 -32 77 -45 -49 -81 -55 -92 63 12 46 -3 -95 93 -65 80 20 72 -13 33
13 51 13 -37 48 -82 82 -64 32 49 -20 27 12 -76 -36 45 -34 73 -39 18 57 -19 31 20 57 -66 -49 97 -43 -41 67 35 12 6 -9 66 -16 1 -19 41
84 -50 72 -82 -6 16 96 3 -5 70 13 -13 -40 -49 -97 75 83 86 -25 38 58 -7 -46 14 -98 -33 84 81 4 -41 -2 -31 35 79 70 41 97 -36 76 -76
25 92 -52 28 -7 40 91 65 70 13 94 -32 -68 74 38 -46 49 17 55 -61 44 -25 86 79 18 98 -41 -1 33 63 -4 -81 25 -93 62 -34 -100 60 28 34
